,ts_code,trade_date,open,high,low,close,pre_close,change,pct_chg,vol,amount
0,600016.SH,20181228,5.65,5.75,5.65,5.73,5.65,0.08,1.4159,881695.53,502902.581
1,600016.SH,20181227,5.7,5.71,5.63,5.65,5.65,0.0,0.0,782941.89,443555.6
2,600016.SH,20181226,5.66,5.68,5.63,5.65,5.68,-0.03,-0.5282,513390.35,290140.757
3,600016.SH,20181225,5.66,5.69,5.58,5.68,5.7,-0.02,-0.3509,931767.69,525108.046
4,600016.SH,20181224,5.7,5.72,5.66,5.7,5.72,-0.02,-0.3497,515645.1,293411.767
5,600016.SH,20181221,5.74,5.75,5.67,5.72,5.76,-0.04,-0.6944,722017.15,411631.709
6,600016.SH,20181220,5.82,5.83,5.73,5.76,5.82,-0.06,-1.0309,769272.75,442686.791
7,600016.SH,20181219,5.86,5.87,5.82,5.82,5.85,-0.03,-0.5128,392299.66,229309.96
8,600016.SH,20181218,5.88,5.94,5.83,5.85,5.92,-0.07,-1.1824,614844.93,361245.092
9,600016.SH,20181217,5.93,5.95,5.9,5.92,5.95,-0.03,-0.5042,703712.01,416583.894
10,600016.SH,20181214,5.98,5.99,5.88,5.95,6.0,-0.05,-0.8333,1397848.59,828006.01
11,600016.SH,20181213,5.99,6.05,5.96,6.0,5.99,0.01,0.1669,783545.25,470725.839
12,600016.SH,20181212,6.03,6.03,5.96,5.99,6.0,-0.01,-0.1667,495226.76,296420.553
13,600016.SH,20181211,6.01,6.03,5.98,6.0,6.02,-0.02,-0.3322,399029.3,239737.154
14,600016.SH,20181210,6.03,6.05,6.0,6.02,6.07,-0.05,-0.8237,438006.03,263646.22
15,600016.SH,20181207,6.08,6.1,6.06,6.07,6.07,0.0,0.0,247231.43,150278.862
16,600016.SH,20181206,6.07,6.1,6.04,6.07,6.13,-0.06,-0.9788,512921.07,311281.706
17,600016.SH,20181205,6.13,6.17,6.13,6.13,6.19,-0.06,-0.9693,478315.02,294218.052
18,600016.SH,20181204,6.17,6.19,6.15,6.19,6.17,0.02,0.3241,490651.32,302852.4
19,600016.SH,20181203,6.2,6.2,6.14,6.17,6.1,0.07,1.1475,837997.42,518069.367
20,600016.SH,20181130,6.04,6.1,6.04,6.1,6.04,0.06,0.9934,384228.78,233459.148
21,600016.SH,20181129,6.08,6.1,6.04,6.04,6.06,-0.02,-0.33,411938.04,250248.147
22,600016.SH,20181128,6.03,6.1,6.02,6.06,6.04,0.02,0.3311,316335.47,191883.513
23,600016.SH,20181127,6.08,6.1,6.01,6.04,6.06,-0.02,-0.33,342829.91,207724.767
24,600016.SH,20181126,6.09,6.12,6.05,6.06,6.06,0.0,0.0,378412.83,230235.337
25,600016.SH,20181123,6.14,6.16,6.06,6.06,6.14,-0.08,-1.3029,489603.48,298911.685
26,600016.SH,20181122,6.17,6.18,6.12,6.14,6.16,-0.02,-0.3247,354649.55,217770.71
27,600016.SH,20181121,6.13,6.17,6.13,6.16,6.16,0.0,0.0,453619.0,279105.811
28,600016.SH,20181120,6.21,6.22,6.14,6.16,6.23,-0.07,-1.1236,669322.4,412680.478
29,600016.SH,20181119,6.17,6.24,6.16,6.23,6.16,0.07,1.1364,705363.55,437828.96
30,600016.SH,20181116,6.17,6.2,6.13,6.16,6.17,-0.01,-0.1621,789594.02,487055.554
31,600016.SH,20181115,6.14,6.18,6.12,6.17,6.14,0.03,0.4886,712018.43,438194.771
32,600016.SH,20181114,6.2,6.21,6.13,6.14,6.21,-0.07,-1.1272,671130.67,413679.728
33,600016.SH,20181113,6.13,6.24,6.13,6.21,6.2,0.01,0.1613,781385.4,482236.626
34,600016.SH,20181112,6.18,6.24,6.16,6.2,6.18,0.02,0.3236,536368.94,332533.995
35,600016.SH,20181109,6.23,6.26,6.13,6.18,6.27,-0.09,-1.4354,658125.83,407061.806
36,600016.SH,20181108,6.29,6.33,6.25,6.27,6.24,0.03,0.4808,407458.75,255876.246
37,600016.SH,20181107,6.29,6.34,6.23,6.24,6.26,-0.02,-0.3195,492452.0,309160.956
38,600016.SH,20181106,6.33,6.34,6.25,6.26,6.35,-0.09,-1.4173,551756.3,346649.095
39,600016.SH,20181105,6.38,6.39,6.32,6.35,6.39,-0.04,-0.626,486314.21,308651.237
40,600016.SH,20181102,6.36,6.44,6.31,6.39,6.29,0.1,1.5898,1202514.03,766757.33
41,600016.SH,20181101,6.41,6.41,6.29,6.29,6.39,-0.1,-1.5649,884644.38,561106.675
42,600016.SH,20181031,6.44,6.45,6.33,6.39,6.39,0.0,0.0,708165.03,450553.795
43,600016.SH,20181030,6.37,6.42,6.33,6.39,6.29,0.1,1.5898,934944.98,596420.604
44,600016.SH,20181029,6.35,6.4,6.24,6.29,6.28,0.01,0.1592,750476.16,473587.602
45,600016.SH,20181026,6.35,6.38,6.26,6.28,6.34,-0.06,-0.9464,618089.61,389934.395
46,600016.SH,20181025,6.17,6.35,6.16,6.34,6.28,0.06,0.9554,690510.93,431784.468
47,600016.SH,20181024,6.2,6.45,6.2,6.28,6.18,0.1,1.6181,1065819.38,674684.476
48,600016.SH,20181023,6.3,6.34,6.17,6.18,6.34,-0.16,-2.5237,941059.41,589351.205
49,600016.SH,20181022,6.21,6.4,6.2,6.34,6.18,0.16,2.589,1327019.08,837256.716
50,600016.SH,20181019,6.1,6.24,6.04,6.18,6.06,0.12,1.9802,990422.66,610242.149
51,600016.SH,20181018,6.15,6.16,6.05,6.06,6.15,-0.09,-1.4634,573271.24,349741.423
52,600016.SH,20181017,6.12,6.17,6.06,6.15,6.05,0.1,1.6529,748319.89,459022.309
53,600016.SH,20181016,6.03,6.14,6.02,6.05,6.01,0.04,0.6656,581738.16,353709.282
54,600016.SH,20181015,6.05,6.08,5.98,6.01,6.03,-0.02,-0.3317,482431.8,290937.193
55,600016.SH,20181012,5.96,6.08,5.93,6.03,5.96,0.07,1.1745,721898.16,433249.891
56,600016.SH,20181011,6.07,6.08,5.87,5.96,6.18,-0.22,-3.5599,961048.03,576698.699
57,600016.SH,20181010,6.1,6.18,6.09,6.18,6.11,0.07,1.1457,445575.04,273797.855
58,600016.SH,20181009,6.07,6.15,6.07,6.11,6.11,0.0,0.0,491331.82,299789.978
59,600016.SH,20181008,6.2,6.24,6.06,6.11,6.34,-0.23,-3.6278,983976.56,606318.642
60,600016.SH,20180928,6.28,6.41,6.26,6.34,6.27,0.07,1.1164,874780.43,554953.175
61,600016.SH,20180927,6.27,6.29,6.2,6.27,6.24,0.03,0.4808,586980.23,366945.787
62,600016.SH,20180926,6.19,6.32,6.18,6.24,6.18,0.06,0.9709,876629.48,548936.475
63,600016.SH,20180925,6.2,6.22,6.15,6.18,6.25,-0.07,-1.12,552399.45,341213.798
64,600016.SH,20180921,6.07,6.25,6.03,6.25,6.05,0.2,3.3058,1055799.81,650548.712
65,600016.SH,20180920,6.05,6.08,6.03,6.05,6.03,0.02,0.3317,507083.03,306861.946
66,600016.SH,20180919,6.03,6.07,6.0,6.03,6.03,0.0,0.0,630230.23,380569.726
67,600016.SH,20180918,5.93,6.04,5.93,6.03,5.95,0.08,1.3445,648921.21,389084.771
68,600016.SH,20180917,5.96,6.0,5.92,5.95,5.98,-0.03,-0.5017,379144.99,225585.39
69,600016.SH,20180914,6.0,6.0,5.95,5.98,6.0,-0.02,-0.3333,306863.79,183479.192
70,600016.SH,20180913,6.02,6.04,5.87,6.0,5.98,0.02,0.3344,1057759.09,630530.647
71,600016.SH,20180912,5.86,6.02,5.86,5.98,5.9,0.08,1.3559,611823.62,363592.472
72,600016.SH,20180911,5.96,6.0,5.87,5.9,5.97,-0.07,-1.1725,652510.86,387286.988
73,600016.SH,20180910,5.96,6.0,5.94,5.97,5.99,-0.02,-0.3339,374973.27,223684.01
74,600016.SH,20180907,6.0,6.05,5.96,5.99,6.0,-0.01,-0.1667,367958.33,221006.336
75,600016.SH,20180906,6.0,6.06,5.97,6.0,6.0,0.0,0.0,488585.07,293746.123
76,600016.SH,20180905,6.06,6.1,6.0,6.0,6.08,-0.08,-1.3158,733325.12,444250.449
77,600016.SH,20180904,5.99,6.1,5.97,6.08,5.98,0.1,1.6722,721990.75,436513.561
78,600016.SH,20180903,5.96,6.01,5.95,5.98,5.97,0.01,0.1675,607922.21,363312.625
79,600016.SH,20180831,5.9,6.0,5.9,5.97,5.89,0.08,1.3582,756730.41,450965.086
80,600016.SH,20180830,5.97,6.0,5.89,5.89,5.96,-0.07,-1.1745,447702.35,265612.901
81,600016.SH,20180829,5.98,6.0,5.95,5.96,5.98,-0.02,-0.3344,268574.68,160256.609
82,600016.SH,20180828,6.02,6.04,5.97,5.98,6.03,-0.05,-0.8292,488987.41,293460.338
83,600016.SH,20180827,5.96,6.03,5.93,6.03,5.96,0.07,1.1745,739497.45,442605.683
84,600016.SH,20180824,5.85,6.06,5.82,5.96,5.86,0.1,1.7065,853691.53,507005.344
85,600016.SH,20180823,5.86,5.89,5.81,5.86,5.86,0.0,0.0,397692.9,232910.969
86,600016.SH,20180822,5.89,5.9,5.82,5.86,5.89,-0.03,-0.5093,299217.48,174968.129
87,600016.SH,20180821,5.87,5.93,5.86,5.89,5.86,0.03,0.5119,465410.9,274217.846
88,600016.SH,20180820,5.84,5.88,5.81,5.86,5.8,0.06,1.0345,588750.03,344007.146
89,600016.SH,20180817,5.84,5.86,5.78,5.8,5.82,-0.02,-0.3436,369722.19,215013.801
90,600016.SH,20180816,5.74,5.86,5.71,5.82,5.78,0.04,0.692,524202.5,303710.121
91,600016.SH,20180815,5.86,5.86,5.78,5.78,5.86,-0.08,-1.3652,375461.21,218425.771
92,600016.SH,20180814,5.88,5.89,5.83,5.86,5.89,-0.03,-0.5093,302418.65,177118.735
93,600016.SH,20180813,5.93,5.95,5.81,5.89,5.96,-0.07,-1.1745,566123.35,331876.704
94,600016.SH,20180810,5.99,5.99,5.93,5.96,5.97,-0.01,-0.1675,316902.39,188871.924
95,600016.SH,20180809,5.88,6.01,5.88,5.97,5.91,0.06,1.0152,521822.43,311509.729
96,600016.SH,20180808,5.99,5.99,5.89,5.91,5.97,-0.06,-1.005,406159.96,240887.547
97,600016.SH,20180807,5.87,5.98,5.85,5.97,5.84,0.13,2.226,530314.64,312942.5
98,600016.SH,20180806,5.83,5.91,5.81,5.84,5.82,0.02,0.3436,493666.78,289101.712
99,600016.SH,20180803,5.84,5.9,5.81,5.82,5.83,-0.01,-0.1715,370562.83,216899.953
100,600016.SH,20180802,5.93,5.98,5.77,5.83,5.95,-0.12,-2.0168,654239.47,383745.609
101,600016.SH,20180801,6.1,6.12,5.94,5.95,6.08,-0.13,-2.1382,639544.73,386385.698
102,600016.SH,20180731,6.05,6.1,5.99,6.08,6.05,0.03,0.4959,554129.94,335370.079
103,600016.SH,20180730,5.96,6.06,5.95,6.05,5.97,0.08,1.34,562438.67,338247.885
104,600016.SH,20180727,5.96,6.0,5.94,5.97,5.96,0.01,0.1678,349553.94,208857.47
105,600016.SH,20180726,6.01,6.03,5.95,5.96,5.99,-0.03,-0.5008,539151.0,323256.618
106,600016.SH,20180725,6.03,6.04,5.97,5.99,6.01,-0.02,-0.3328,487221.59,292010.081
107,600016.SH,20180724,6.0,6.07,5.99,6.01,6.0,0.01,0.1667,959314.39,577815.469
108,600016.SH,20180723,5.91,6.03,5.88,6.0,5.94,0.06,1.0101,838815.74,499807.018
109,600016.SH,20180720,5.77,5.98,5.72,5.94,5.76,0.18,3.125,949598.47,559536.777
110,600016.SH,20180719,5.8,5.8,5.74,5.76,5.75,0.01,0.17,371481.49,214130.163
111,600016.SH,20180718,5.8,5.85,5.74,5.75,5.76,-0.01,-0.17,412323.25,238806.104
112,600016.SH,20180717,5.77,5.78,5.72,5.76,5.75,0.01,0.17,365244.63,210121.277
113,600016.SH,20180716,5.81,5.84,5.73,5.75,5.81,-0.06,-1.03,420717.48,242334.303
114,600016.SH,20180713,5.83,5.85,5.81,5.81,5.82,-0.01,-0.17,326039.73,189918.939
115,600016.SH,20180712,5.73,5.88,5.7,5.82,5.72,0.1,1.75,723463.56,421175.688
116,600016.SH,20180711,5.67,5.74,5.67,5.72,5.81,-0.09,-1.55,502145.61,286681.781
117,600016.SH,20180710,5.85,5.85,5.77,5.81,5.85,-0.04,-0.68,472834.47,274517.979
118,600016.SH,20180709,5.71,5.85,5.69,5.85,5.71,0.14,2.45,684927.98,396735.367
119,600016.SH,20180706,5.62,5.72,5.55,5.71,5.6,0.11,1.96,808713.38,456569.145
120,600016.SH,20180705,5.6,5.65,5.56,5.6,5.59,0.01,0.18,518647.99,290761.041
121,600016.SH,20180704,6.86,6.91,6.79,6.8,6.87,-0.07,-1.02,499183.67,341045.235
122,600016.SH,20180703,6.83,6.89,6.76,6.87,6.81,0.06,0.88,650075.57,443504.979
123,600016.SH,20180702,6.99,6.99,6.77,6.81,7.0,-0.19,-2.71,597754.6,411666.058
124,600016.SH,20180629,6.94,7.01,6.91,7.0,6.93,0.07,1.01,586589.15,407995.404
125,600016.SH,20180628,6.84,6.95,6.84,6.93,6.89,0.04,0.58,644364.05,444538.888
126,600016.SH,20180627,7.01,7.07,6.86,6.89,7.04,-0.15,-2.13,708345.0,492091.705
127,600016.SH,20180626,7.1,7.11,6.94,7.04,7.11,-0.07,-0.98,607822.94,427443.827
128,600016.SH,20180625,7.27,7.28,7.11,7.11,7.24,-0.13,-1.8,449606.4,323950.601
129,600016.SH,20180622,7.25,7.26,7.2,7.24,7.25,-0.01,-0.14,440501.3,318106.783
130,600016.SH,20180621,7.29,7.34,7.23,7.25,7.3,-0.05,-0.68,420136.96,306293.89
131,600016.SH,20180620,7.23,7.35,7.2,7.3,7.25,0.05,0.69,506148.82,367872.47
132,600016.SH,20180619,7.38,7.43,7.16,7.25,7.45,-0.2,-2.68,976585.07,716442.434
133,600016.SH,20180615,7.43,7.5,7.42,7.45,7.44,0.01,0.13,469465.52,350725.996
134,600016.SH,20180614,7.38,7.46,7.38,7.44,7.41,0.03,0.4,450066.46,333922.075
135,600016.SH,20180613,7.44,7.46,7.4,7.41,7.47,-0.06,-0.8,379944.25,282023.384
136,600016.SH,20180612,7.49,7.5,7.44,7.47,7.5,-0.03,-0.4,417527.38,311660.618
137,600016.SH,20180611,7.49,7.51,7.43,7.5,7.51,-0.01,-0.13,535061.8,399374.938
138,600016.SH,20180608,7.65,7.66,7.48,7.51,7.65,-0.14,-1.83,736720.84,556526.66
139,600016.SH,20180607,7.66,7.68,7.63,7.65,7.65,0.0,0.0,549714.69,420836.581
140,600016.SH,20180606,7.68,7.69,7.64,7.65,7.69,-0.04,-0.52,346029.1,264978.794
141,600016.SH,20180605,7.72,7.73,7.65,7.69,7.72,-0.03,-0.39,478710.98,367666.062
142,600016.SH,20180604,7.74,7.78,7.69,7.72,7.71,0.01,0.13,495212.18,382526.816
143,600016.SH,20180601,7.68,7.74,7.64,7.71,7.66,0.05,0.65,392189.15,301664.019
144,600016.SH,20180531,7.65,7.71,7.63,7.66,7.61,0.05,0.66,711044.9,544877.322
145,600016.SH,20180530,7.71,7.77,7.61,7.61,7.77,-0.16,-2.06,510088.42,391829.86
146,600016.SH,20180529,7.79,7.83,7.74,7.77,7.81,-0.04,-0.51,418315.58,325575.773
147,600016.SH,20180528,7.78,7.84,7.76,7.81,7.78,0.03,0.39,472367.07,368246.429
148,600016.SH,20180525,7.83,7.85,7.76,7.78,7.81,-0.03,-0.38,310071.4,241877.747
149,600016.SH,20180524,7.79,7.86,7.77,7.81,7.79,0.02,0.26,426860.1,333783.054
150,600016.SH,20180523,7.87,7.87,7.78,7.79,7.88,-0.09,-1.14,614881.14,480757.349
151,600016.SH,20180522,7.95,7.96,7.84,7.88,7.94,-0.06,-0.76,657490.35,517757.218
152,600016.SH,20180521,7.94,7.98,7.93,7.94,7.92,0.02,0.25,554982.35,441367.352
153,600016.SH,20180518,7.83,7.92,7.82,7.92,7.83,0.09,1.15,566805.83,446082.895
154,600016.SH,20180517,7.83,7.87,7.81,7.83,7.83,0.0,0.0,391865.29,307461.936
155,600016.SH,20180516,7.89,7.91,7.82,7.83,7.92,-0.09,-1.14,452341.76,355745.499
156,600016.SH,20180515,7.95,7.96,7.88,7.92,7.95,-0.03,-0.38,457514.15,361913.134
157,600016.SH,20180514,7.94,8.01,7.93,7.95,7.93,0.02,0.25,538275.72,429066.541
158,600016.SH,20180511,7.96,7.97,7.9,7.93,7.94,-0.01,-0.13,381455.33,303005.546
159,600016.SH,20180510,7.95,7.98,7.91,7.94,7.94,0.0,0.0,467103.44,370473.503
160,600016.SH,20180509,7.93,7.94,7.88,7.94,7.92,0.02,0.25,432100.94,341612.441
161,600016.SH,20180508,7.85,7.93,7.82,7.92,7.84,0.08,1.02,559205.75,441886.108
162,600016.SH,20180507,7.82,7.89,7.79,7.84,7.81,0.03,0.38,558862.58,438557.85
163,600016.SH,20180504,7.79,7.85,7.78,7.81,7.79,0.02,0.26,492141.44,384496.677
164,600016.SH,20180503,7.71,7.81,7.7,7.79,7.74,0.05,0.65,601301.27,467071.009
165,600016.SH,20180502,7.77,7.79,7.67,7.74,7.72,0.02,0.26,841155.26,649497.813
166,600016.SH,20180427,7.71,7.73,7.63,7.72,7.68,0.04,0.52,522034.5,401275.393
167,600016.SH,20180426,7.78,7.8,7.66,7.68,7.75,-0.07,-0.9,630411.94,485933.823
168,600016.SH,20180425,7.83,7.85,7.74,7.75,7.88,-0.13,-1.65,899168.14,699813.964
169,600016.SH,20180424,7.77,7.88,7.77,7.88,7.77,0.11,1.42,860474.49,675019.86
170,600016.SH,20180423,7.76,7.87,7.76,7.77,7.79,-0.02,-0.26,492084.19,383743.833
171,600016.SH,20180420,7.9,7.92,7.78,7.79,7.93,-0.14,-1.77,493203.03,386140.596
172,600016.SH,20180419,7.96,7.98,7.91,7.93,7.91,0.02,0.25,357732.84,284023.039
173,600016.SH,20180418,7.92,7.95,7.87,7.91,7.84,0.07,0.89,541276.71,428280.97
174,600016.SH,20180417,7.87,7.95,7.82,7.84,7.85,-0.01,-0.13,486037.29,383147.872
175,600016.SH,20180416,8.02,8.03,7.85,7.85,8.01,-0.16,-2.0,640815.98,506869.519
176,600016.SH,20180413,8.1,8.11,8.01,8.01,8.07,-0.06,-0.74,330925.75,266843.735
177,600016.SH,20180412,8.09,8.1,8.03,8.07,8.08,-0.01,-0.12,436065.5,351771.58
178,600016.SH,20180411,8.05,8.14,8.01,8.08,8.04,0.04,0.5,607852.9,491041.595
179,600016.SH,20180410,7.9,8.06,7.88,8.04,7.9,0.14,1.77,562692.91,448998.552
180,600016.SH,20180409,7.92,7.95,7.86,7.9,7.92,-0.02,-0.25,454170.16,358949.752
181,600016.SH,20180404,7.92,7.98,7.9,7.92,7.91,0.01,0.13,527332.58,418883.572
182,600016.SH,20180403,7.91,7.96,7.88,7.91,7.96,-0.05,-0.63,678695.39,537013.765
183,600016.SH,20180402,7.99,8.05,7.95,7.96,7.99,-0.03,-0.38,541537.18,433590.068
184,600016.SH,20180330,8.02,8.07,7.98,7.99,8.08,-0.09,-1.11,640729.61,513950.988
185,600016.SH,20180329,7.99,8.1,7.93,8.08,7.99,0.09,1.13,596701.71,478233.317
186,600016.SH,20180328,7.95,8.07,7.94,7.99,8.0,-0.01,-0.13,571378.33,457413.216
187,600016.SH,20180327,8.05,8.08,7.96,8.0,7.96,0.04,0.5,626838.3,502889.107
188,600016.SH,20180326,7.96,8.0,7.85,7.96,7.98,-0.02,-0.25,850411.07,674645.865
189,600016.SH,20180323,8.15,8.15,7.94,7.98,8.25,-0.27,-3.27,1231625.06,991613.529
190,600016.SH,20180322,8.32,8.33,8.23,8.25,8.29,-0.04,-0.48,427780.96,353814.629
191,600016.SH,20180321,8.32,8.37,8.27,8.29,8.3,-0.01,-0.12,454726.85,378745.58
192,600016.SH,20180320,8.26,8.33,8.25,8.3,8.29,0.01,0.12,397738.66,330134.98
193,600016.SH,20180319,8.29,8.33,8.25,8.29,8.31,-0.02,-0.24,427580.43,354265.625
194,600016.SH,20180316,8.36,8.37,8.3,8.31,8.36,-0.05,-0.6,498442.64,415712.907
195,600016.SH,20180315,8.35,8.38,8.33,8.36,8.38,-0.02,-0.24,517007.08,431669.166
196,600016.SH,20180314,8.43,8.45,8.37,8.38,8.46,-0.08,-0.95,595960.9,500529.077
197,600016.SH,20180313,8.49,8.58,8.45,8.46,8.5,-0.04,-0.47,767123.29,653049.303
198,600016.SH,20180312,8.54,8.55,8.48,8.5,8.51,-0.01,-0.12,635827.94,540762.098
199,600016.SH,20180309,8.51,8.53,8.46,8.51,8.49,0.02,0.24,473447.05,402112.724
200,600016.SH,20180308,8.51,8.52,8.44,8.49,8.46,0.03,0.35,426694.51,361880.356
201,600016.SH,20180307,8.53,8.63,8.46,8.46,8.5,-0.04,-0.47,772966.82,661428.291
202,600016.SH,20180306,8.46,8.51,8.41,8.5,8.43,0.07,0.83,666569.4,563932.217
203,600016.SH,20180305,8.43,8.51,8.42,8.43,8.43,0.0,0.0,570031.36,481513.033
204,600016.SH,20180302,8.44,8.48,8.41,8.43,8.5,-0.07,-0.82,631556.2,533110.871
205,600016.SH,20180301,8.44,8.53,8.43,8.5,8.49,0.01,0.12,783133.48,665053.935
206,600016.SH,20180228,8.57,8.58,8.46,8.49,8.59,-0.1,-1.16,761740.79,648841.695
207,600016.SH,20180227,8.83,8.83,8.57,8.59,8.77,-0.18,-2.05,833898.2,724540.177
208,600016.SH,20180226,8.84,8.87,8.69,8.77,8.79,-0.02,-0.23,1000115.4,877355.366
209,600016.SH,20180223,8.58,8.87,8.53,8.79,8.55,0.24,2.81,1525084.45,1327040.445
210,600016.SH,20180222,8.55,8.58,8.49,8.55,8.42,0.13,1.54,726098.67,620420.533
211,600016.SH,20180214,8.41,8.45,8.37,8.42,8.39,0.03,0.36,476244.05,400755.744
212,600016.SH,20180213,8.37,8.5,8.35,8.39,8.32,0.07,0.84,933715.56,787282.828
213,600016.SH,20180212,8.34,8.39,8.25,8.32,8.29,0.03,0.36,1250062.03,1038766.549
214,600016.SH,20180209,8.56,8.69,8.14,8.29,8.71,-0.42,-4.82,2119857.87,1775073.415
215,600016.SH,20180208,8.85,8.97,8.66,8.71,9.0,-0.29,-3.22,1874003.35,1653955.174
216,600016.SH,20180207,9.23,9.46,8.99,9.0,9.11,-0.11,-1.21,3148677.57,2905716.325
217,600016.SH,20180206,9.3,9.4,9.08,9.11,9.45,-0.34,-3.6,2394132.27,2215406.153
218,600016.SH,20180205,9.05,9.46,9.03,9.45,9.17,0.28,3.05,2025276.06,1885532.645
219,600016.SH,20180202,9.16,9.21,9.01,9.17,9.22,-0.05,-0.54,933270.95,852138.189
220,600016.SH,20180201,9.06,9.25,8.99,9.22,9.06,0.16,1.77,1887656.37,1719348.019
221,600016.SH,20180131,8.98,9.08,8.93,9.06,9.01,0.05,0.55,1237221.92,1115176.651
222,600016.SH,20180130,9.22,9.24,8.99,9.01,9.2,-0.19,-2.07,1412972.05,1286331.465
223,600016.SH,20180129,9.38,9.47,9.15,9.2,9.32,-0.12,-1.29,1966315.13,1835164.058
224,600016.SH,20180126,9.25,9.39,9.24,9.32,9.29,0.03,0.32,1749575.39,1630304.663
225,600016.SH,20180125,9.34,9.44,9.21,9.29,9.33,-0.04,-0.43,1673799.1,1559723.619
226,600016.SH,20180124,9.26,9.39,9.14,9.33,9.24,0.09,0.97,2516256.2,2336467.129
227,600016.SH,20180123,8.94,9.25,8.92,9.24,8.94,0.3,3.36,2091833.59,1898506.197
228,600016.SH,20180122,9.01,9.13,8.91,8.94,9.11,-0.17,-1.87,1707378.19,1539248.689
229,600016.SH,20180119,9.08,9.22,9.06,9.11,9.01,0.1,1.11,2620251.3,2399137.809
230,600016.SH,20180118,8.95,9.03,8.88,9.01,8.9,0.11,1.24,1515952.55,1356350.569
231,600016.SH,20180117,8.89,9.12,8.87,8.9,8.88,0.02,0.23,2350693.45,2112288.915
232,600016.SH,20180116,8.88,8.9,8.8,8.88,8.87,0.01,0.11,1008595.48,891715.596
233,600016.SH,20180115,8.76,8.98,8.73,8.87,8.8,0.07,0.8,1654521.4,1470125.113
234,600016.SH,20180112,8.8,8.88,8.77,8.8,8.8,0.0,0.0,629885.89,555663.087
235,600016.SH,20180111,8.83,8.93,8.75,8.8,8.82,-0.02,-0.23,924641.02,816506.795
236,600016.SH,20180110,8.67,8.84,8.63,8.82,8.68,0.14,1.61,1339214.43,1174609.792
237,600016.SH,20180109,8.71,8.78,8.66,8.68,8.72,-0.04,-0.46,670078.72,583530.234
238,600016.SH,20180108,8.59,8.76,8.56,8.72,8.6,0.12,1.4,1097694.24,950969.338
239,600016.SH,20180105,8.55,8.63,8.54,8.6,8.54,0.06,0.7,865293.32,743533.006
240,600016.SH,20180104,8.58,8.59,8.53,8.54,8.58,-0.04,-0.47,690688.04,591244.698
241,600016.SH,20180103,8.51,8.59,8.47,8.58,8.52,0.06,0.7,872164.98,745357.265
242,600016.SH,20180102,8.43,8.57,8.41,8.52,8.39,0.13,1.55,765085.14,650512.041
243,600016.SH,20171229,8.39,8.44,8.36,8.39,8.39,0.0,0.0,529671.87,444655.389
244,600016.SH,20171228,8.43,8.46,8.39,8.39,8.46,-0.07,-0.83,565032.02,475605.012
245,600016.SH,20171227,8.51,8.59,8.34,8.46,8.54,-0.08,-0.94,865361.95,734594.702
246,600016.SH,20171226,8.49,8.55,8.47,8.54,8.49,0.05,0.59,500538.5,426629.612
247,600016.SH,20171225,8.49,8.58,8.47,8.49,8.47,0.02,0.24,529953.92,451126.225
248,600016.SH,20171222,8.57,8.59,8.46,8.47,8.58,-0.11,-1.28,610657.98,520520.985
249,600016.SH,20171221,8.56,8.64,8.52,8.58,8.59,-0.01,-0.12,627010.39,538466.265
250,600016.SH,20171220,8.56,8.6,8.49,8.59,8.57,0.02,0.23,676153.52,577637.606
251,600016.SH,20171219,8.46,8.59,8.44,8.57,8.46,0.11,1.3,668724.06,571070.614
252,600016.SH,20171218,8.47,8.5,8.42,8.46,8.44,0.02,0.24,429794.02,363664.833
253,600016.SH,20171215,8.54,8.55,8.43,8.44,8.51,-0.07,-0.82,624183.45,528713.131
254,600016.SH,20171214,8.63,8.65,8.48,8.51,8.6,-0.09,-1.05,809390.46,690706.437
255,600016.SH,20171213,8.58,8.64,8.53,8.6,8.56,0.04,0.47,574614.64,493082.814
256,600016.SH,20171212,8.71,8.75,8.54,8.56,8.75,-0.19,-2.17,988068.93,855300.206
257,600016.SH,20171211,8.79,8.82,8.65,8.75,8.82,-0.07,-0.79,1081220.4,941872.427
258,600016.SH,20171208,8.84,8.88,8.78,8.82,8.87,-0.05,-0.56,749201.49,660720.336
259,600016.SH,20171207,8.83,8.9,8.72,8.87,8.87,0.0,0.0,1012625.39,892833.537
260,600016.SH,20171206,8.95,8.99,8.81,8.87,9.03,-0.16,-1.77,1082236.28,964007.582
261,600016.SH,20171205,8.82,9.1,8.8,9.03,8.84,0.19,2.15,2396489.15,2152088.203
262,600016.SH,20171204,8.79,8.86,8.76,8.84,8.83,0.01,0.11,868318.9,765035.716
263,600016.SH,20171201,8.79,8.86,8.68,8.83,8.85,-0.02,-0.23,1330176.38,1167279.57
264,600016.SH,20171130,8.81,8.96,8.72,8.85,8.85,0.0,0.0,1374500.88,1216349.273
265,600016.SH,20171129,8.84,8.88,8.71,8.85,8.84,0.01,0.11,1418501.32,1247219.85
266,600016.SH,20171128,9.07,9.11,8.78,8.84,9.11,-0.27,-2.96,2098579.71,1861210.314
267,600016.SH,20171127,9.02,9.21,8.95,9.11,9.1,0.01,0.11,2241654.29,2035185.389
268,600016.SH,20171124,9.07,9.24,8.97,9.1,9.07,0.03,0.33,2584752.28,2355920.698
269,600016.SH,20171123,9.13,9.44,9.05,9.07,9.07,0.0,0.0,4932765.82,4553856.051
270,600016.SH,20171122,8.69,9.28,8.66,9.07,8.64,0.43,4.98,3895065.26,3492335.366
271,600016.SH,20171121,8.6,8.68,8.56,8.64,8.59,0.05,0.58,1545445.96,1333881.587
272,600016.SH,20171120,8.48,8.63,8.44,8.59,8.54,0.05,0.59,1662980.28,1420479.675
273,600016.SH,20171117,8.25,8.56,8.25,8.54,8.28,0.26,3.14,2384430.38,2011206.863
274,600016.SH,20171116,8.33,8.34,8.27,8.28,8.36,-0.08,-0.96,646148.4,535988.338
275,600016.SH,20171115,8.41,8.44,8.32,8.36,8.44,-0.08,-0.95,1132140.6,948200.639
276,600016.SH,20171114,8.45,8.45,8.33,8.44,8.45,-0.01,-0.12,1370920.69,1150138.376
277,600016.SH,20171113,8.48,8.56,8.41,8.45,8.41,0.04,0.48,2026021.05,1720606.213
278,600016.SH,20171110,8.37,8.41,8.35,8.41,8.37,0.04,0.48,1036417.79,868334.403
279,600016.SH,20171109,8.4,8.45,8.36,8.37,8.4,-0.03,-0.36,866597.37,728653.495
280,600016.SH,20171108,8.36,8.42,8.33,8.4,8.36,0.04,0.48,1293853.83,1085277.915
281,600016.SH,20171107,8.26,8.38,8.21,8.36,8.26,0.1,1.21,1095478.75,910261.074
282,600016.SH,20171106,8.23,8.26,8.18,8.26,8.25,0.01,0.12,683481.36,562105.367
283,600016.SH,20171103,8.18,8.27,8.13,8.25,8.22,0.03,0.37,1102198.83,904049.316
284,600016.SH,20171102,8.23,8.25,8.08,8.22,8.24,-0.02,-0.24,1256908.11,1025441.518
285,600016.SH,20171101,8.26,8.28,8.21,8.24,8.29,-0.05,-0.6,793052.96,653675.812
286,600016.SH,20171031,8.19,8.4,8.15,8.29,8.17,0.12,1.47,1386403.37,1148880.143
287,600016.SH,20171030,8.19,8.23,8.11,8.17,8.18,-0.01,-0.12,854096.34,696839.629
288,600016.SH,20171027,8.12,8.23,8.11,8.18,8.12,0.06,0.74,781289.17,639990.251
289,600016.SH,20171026,8.1,8.14,8.09,8.12,8.1,0.02,0.25,544719.78,442091.6
290,600016.SH,20171025,8.1,8.13,8.09,8.1,8.1,0.0,0.0,322748.33,261769.048
291,600016.SH,20171024,8.05,8.13,8.05,8.1,8.05,0.05,0.62,617033.16,499688.076
292,600016.SH,20171023,8.07,8.08,8.04,8.05,8.07,-0.02,-0.25,374502.83,301773.711
293,600016.SH,20171020,8.08,8.08,8.05,8.07,8.07,0.0,0.0,328983.89,265337.357
294,600016.SH,20171019,8.13,8.15,8.06,8.07,8.13,-0.06,-0.74,616073.41,498519.811
295,600016.SH,20171018,8.14,8.16,8.13,8.13,8.14,-0.01,-0.12,429551.68,349617.009
296,600016.SH,20171017,8.18,8.18,8.13,8.14,8.16,-0.02,-0.25,287482.53,234222.485
297,600016.SH,20171016,8.17,8.21,8.14,8.16,8.17,-0.01,-0.12,534761.66,437244.202
298,600016.SH,20171013,8.16,8.19,8.16,8.17,8.16,0.01,0.12,299845.01,244945.657
299,600016.SH,20171012,8.19,8.2,8.15,8.16,8.19,-0.03,-0.37,503306.7,411304.265
300,600016.SH,20171011,8.16,8.21,8.15,8.19,8.16,0.03,0.37,637057.35,521310.734
301,600016.SH,20171010,8.12,8.16,8.11,8.16,8.12,0.04,0.49,595837.36,485231.562
302,600016.SH,20171009,8.18,8.21,8.1,8.12,8.02,0.1,1.25,935392.25,763581.517
303,600016.SH,20170929,8.0,8.05,8.0,8.02,7.99,0.03,0.38,460678.14,369678.363
304,600016.SH,20170928,8.03,8.04,7.98,7.99,8.01,-0.02,-0.25,488659.4,390811.052
305,600016.SH,20170927,8.04,8.06,8.01,8.01,8.05,-0.04,-0.5,460244.42,369625.511
306,600016.SH,20170926,8.07,8.08,8.04,8.05,8.04,0.01,0.12,438943.89,353745.663
307,600016.SH,20170925,8.17,8.19,8.15,8.16,8.18,-0.02,-0.24,671708.03,548527.87
308,600016.SH,20170922,8.21,8.23,8.17,8.18,8.23,-0.05,-0.61,686340.28,562257.068
309,600016.SH,20170921,8.21,8.28,8.19,8.23,8.25,-0.02,-0.24,703692.4,578959.842
310,600016.SH,20170920,8.25,8.26,8.23,8.25,8.25,0.0,0.0,357437.36,294808.519
311,600016.SH,20170919,8.25,8.28,8.23,8.25,8.25,0.0,0.0,470043.21,387997.814
312,600016.SH,20170918,8.23,8.27,8.23,8.25,8.23,0.02,0.24,498552.04,411161.017
313,600016.SH,20170915,8.23,8.25,8.21,8.23,8.24,-0.01,-0.12,515594.09,424245.46
314,600016.SH,20170914,8.29,8.3,8.23,8.24,8.29,-0.05,-0.6,681869.41,563306.042
315,600016.SH,20170913,8.33,8.33,8.27,8.29,8.33,-0.04,-0.48,410805.14,340826.78
316,600016.SH,20170912,8.34,8.35,8.29,8.33,8.33,0.0,0.0,628492.82,522652.348
317,600016.SH,20170911,8.33,8.37,8.31,8.33,8.3,0.03,0.36,549936.36,458367.67
318,600016.SH,20170908,8.32,8.36,8.29,8.3,8.3,0.0,0.0,469384.1,390327.075
319,600016.SH,20170907,8.37,8.37,8.3,8.3,8.34,-0.04,-0.48,591909.05,492652.816
320,600016.SH,20170906,8.39,8.39,8.32,8.34,8.4,-0.06,-0.71,715322.29,596728.01
321,600016.SH,20170905,8.39,8.45,8.37,8.4,8.38,0.02,0.24,737930.6,620747.511
322,600016.SH,20170904,8.34,8.4,8.31,8.38,8.37,0.01,0.12,764477.0,639207.158
323,600016.SH,20170901,8.39,8.43,8.34,8.37,8.4,-0.03,-0.36,711475.09,596187.13
324,600016.SH,20170831,8.42,8.44,8.36,8.4,8.44,-0.04,-0.47,678782.79,569647.464
325,600016.SH,20170830,8.43,8.5,8.41,8.44,8.43,0.01,0.12,882435.04,744998.973
326,600016.SH,20170829,8.43,8.45,8.38,8.43,8.45,-0.02,-0.24,886836.75,746746.178
327,600016.SH,20170828,8.42,8.52,8.39,8.45,8.38,0.07,0.84,1421781.38,1201329.32
328,600016.SH,20170825,8.2,8.39,8.19,8.38,8.19,0.19,2.32,1368763.79,1137457.135
329,600016.SH,20170824,8.23,8.28,8.18,8.19,8.24,-0.05,-0.61,717283.06,589621.81
330,600016.SH,20170823,8.2,8.28,8.19,8.24,8.2,0.04,0.49,714654.64,588705.353
331,600016.SH,20170822,8.19,8.22,8.17,8.2,8.19,0.01,0.12,576403.79,472378.47
332,600016.SH,20170821,8.21,8.23,8.16,8.19,8.21,-0.02,-0.24,525952.18,430655.548
333,600016.SH,20170818,8.19,8.23,8.17,8.21,8.22,-0.01,-0.12,446346.13,366157.301
334,600016.SH,20170817,8.17,8.23,8.16,8.22,8.17,0.05,0.61,573395.3,469303.452
335,600016.SH,20170816,8.21,8.22,8.16,8.17,8.23,-0.06,-0.73,639263.11,523154.017
336,600016.SH,20170815,8.19,8.29,8.18,8.23,8.18,0.05,0.61,957397.96,789746.82
337,600016.SH,20170814,8.2,8.23,8.14,8.18,8.18,0.0,0.0,1139052.02,931435.764
338,600016.SH,20170811,8.31,8.31,8.17,8.18,8.34,-0.16,-1.92,1072269.67,883157.543
339,600016.SH,20170810,8.35,8.41,8.27,8.34,8.36,-0.02,-0.24,940613.86,784225.477
340,600016.SH,20170809,8.56,8.56,8.35,8.36,8.56,-0.2,-2.34,1283845.07,1082547.44
341,600016.SH,20170808,8.57,8.6,8.53,8.56,8.57,-0.01,-0.12,519844.97,445054.813
342,600016.SH,20170807,8.56,8.59,8.51,8.57,8.56,0.01,0.12,517469.31,442333.834
343,600016.SH,20170804,8.58,8.65,8.55,8.56,8.58,-0.02,-0.23,802000.84,689659.124
344,600016.SH,20170803,8.67,8.74,8.56,8.58,8.68,-0.1,-1.15,886218.75,765380.892
345,600016.SH,20170802,8.7,8.78,8.67,8.68,8.69,-0.01,-0.12,1412966.7,1232610.692
346,600016.SH,20170801,8.63,8.7,8.61,8.69,8.6,0.09,1.05,1176224.84,1018423.3
347,600016.SH,20170731,8.52,8.61,8.51,8.6,8.53,0.07,0.82,1045404.05,895994.272
348,600016.SH,20170728,8.48,8.54,8.46,8.53,8.5,0.03,0.35,554653.82,471210.77
349,600016.SH,20170727,8.58,8.6,8.47,8.5,8.59,-0.09,-1.05,1111770.76,947466.373
350,600016.SH,20170726,8.6,8.77,8.54,8.59,8.62,-0.03,-0.35,1491343.29,1289329.315
351,600016.SH,20170725,8.67,8.76,8.57,8.62,8.69,-0.07,-0.81,1519902.94,1317574.819
352,600016.SH,20170724,8.53,8.72,8.52,8.69,8.54,0.15,1.76,1527640.01,1319165.018
353,600016.SH,20170721,8.58,8.61,8.51,8.54,8.61,-0.07,-0.81,955553.88,817456.482
354,600016.SH,20170720,8.66,8.7,8.55,8.61,8.67,-0.06,-0.69,1341974.4,1154432.235
355,600016.SH,20170719,8.55,8.7,8.51,8.67,8.55,0.12,1.4,1878103.07,1620301.309
356,600016.SH,20170718,8.54,8.65,8.49,8.55,8.59,-0.04,-0.47,1930098.56,1651439.209
357,600016.SH,20170717,8.59,8.83,8.43,8.59,8.55,0.04,0.47,3868601.23,3344928.187
358,600016.SH,20170714,8.43,8.59,8.42,8.55,8.41,0.14,1.66,2735203.6,2324291.489
359,600016.SH,20170713,8.2,8.42,8.18,8.41,8.2,0.21,2.56,2459131.15,2044261.565
360,600016.SH,20170712,8.14,8.29,8.13,8.2,8.13,0.07,0.86,2476836.26,2037695.468
361,600016.SH,20170711,8.03,8.22,8.02,8.13,8.04,0.09,1.12,2140699.44,1743498.891
362,600016.SH,20170710,8.02,8.04,7.99,8.04,8.03,0.01,0.12,639096.76,512494.633
363,600016.SH,20170707,8.06,8.07,7.99,8.03,8.06,-0.03,-0.37,798330.81,640939.837
364,600016.SH,20170706,8.06,8.08,8.03,8.06,8.04,0.02,0.25,845496.99,680989.328
365,600016.SH,20170705,8.16,8.21,8.14,8.2,8.17,0.03,0.37,778283.25,636648.116
366,600016.SH,20170704,8.24,8.24,8.16,8.17,8.23,-0.06,-0.73,768456.12,628787.816
367,600016.SH,20170703,8.24,8.26,8.21,8.23,8.22,0.01,0.12,492933.25,405630.931
368,600016.SH,20170630,8.24,8.27,8.2,8.22,8.25,-0.03,-0.36,766909.64,630752.709
369,600016.SH,20170629,8.27,8.3,8.24,8.25,8.27,-0.02,-0.24,757613.84,626143.77
370,600016.SH,20170628,8.16,8.32,8.15,8.27,8.18,0.09,1.1,2246814.61,1858161.749
371,600016.SH,20170627,8.12,8.21,8.1,8.18,8.12,0.06,0.74,1063885.02,866534.554
372,600016.SH,20170626,8.1,8.18,8.09,8.12,8.11,0.01,0.12,1243818.8,1011546.478
373,600016.SH,20170623,8.12,8.16,8.03,8.11,8.14,-0.03,-0.37,1134896.53,917950.414
374,600016.SH,20170622,8.07,8.27,8.07,8.14,8.1,0.04,0.49,1894302.01,1550741.528
375,600016.SH,20170621,8.12,8.13,8.06,8.1,8.1,0.0,0.0,651345.56,526895.065
376,600016.SH,20170620,8.11,8.12,8.06,8.1,8.1,0.0,0.0,618896.22,500395.72
377,600016.SH,20170619,8.03,8.11,8.03,8.1,8.03,0.07,0.87,682556.39,551595.675
378,600016.SH,20170616,8.03,8.07,8.02,8.03,8.02,0.01,0.12,577074.4,464303.717
379,600016.SH,20170615,8.05,8.06,8.0,8.02,8.06,-0.04,-0.5,778044.57,624645.747
380,600016.SH,20170614,8.05,8.09,8.02,8.06,8.09,-0.03,-0.37,992848.01,798796.701
381,600016.SH,20170613,8.04,8.1,8.02,8.09,8.05,0.04,0.5,626846.75,505574.202
382,600016.SH,20170612,8.11,8.15,8.05,8.05,8.12,-0.07,-0.86,1007013.7,815372.381
383,600016.SH,20170609,8.04,8.17,8.04,8.12,8.06,0.06,0.74,1351531.41,1097876.858
384,600016.SH,20170608,8.0,8.08,7.99,8.06,8.02,0.04,0.5,948996.43,762181.226
385,600016.SH,20170607,7.93,8.04,7.92,8.02,7.93,0.09,1.13,1085269.91,868508.536
386,600016.SH,20170606,7.9,7.95,7.89,7.93,7.9,0.03,0.38,665079.2,526636.97
387,600016.SH,20170605,8.0,8.0,7.89,7.9,8.0,-0.1,-1.25,1076506.26,853054.592
388,600016.SH,20170602,8.03,8.07,7.96,8.0,8.02,-0.02,-0.25,1229394.43,984801.781
389,600016.SH,20170601,8.02,8.06,7.99,8.02,8.03,-0.01,-0.12,1062703.85,852589.383
390,600016.SH,20170531,8.01,8.12,8.0,8.03,8.01,0.02,0.25,1270507.07,1023328.89
391,600016.SH,20170526,8.05,8.11,7.98,8.01,8.11,-0.1,-1.23,2104300.79,1692199.127
392,600016.SH,20170525,7.79,8.15,7.79,8.11,7.82,0.29,3.71,3363270.6,2694603.713
393,600016.SH,20170524,7.87,7.9,7.75,7.82,7.89,-0.07,-0.89,1290988.61,1008571.997
394,600016.SH,20170523,7.76,7.95,7.73,7.89,7.77,0.12,1.54,1938691.01,1524752.765
395,600016.SH,20170522,7.82,7.82,7.73,7.77,7.81,-0.04,-0.51,837696.79,651029.33
396,600016.SH,20170519,7.81,7.84,7.76,7.81,7.82,-0.01,-0.13,682250.9,531438.712
397,600016.SH,20170518,7.85,7.87,7.8,7.82,7.88,-0.06,-0.76,875866.87,686199.649
398,600016.SH,20170517,7.92,7.95,7.87,7.88,7.94,-0.06,-0.76,820552.91,648031.631
399,600016.SH,20170516,7.94,7.97,7.89,7.94,7.95,-0.01,-0.13,934360.24,740207.668
400,600016.SH,20170515,7.99,8.04,7.94,7.95,7.99,-0.04,-0.5,1005577.32,802732.604
401,600016.SH,20170512,7.8,8.02,7.78,7.99,7.79,0.2,2.57,1913804.57,1518377.532
402,600016.SH,20170511,7.75,7.82,7.72,7.79,7.75,0.04,0.52,864803.13,671847.248
403,600016.SH,20170510,7.74,7.87,7.73,7.75,7.75,0.0,0.0,1188564.44,926774.582
404,600016.SH,20170509,7.71,7.77,7.7,7.75,7.75,0.0,0.0,760136.82,588643.017
405,600016.SH,20170508,7.66,7.76,7.61,7.75,7.71,0.04,0.52,1358507.34,1043439.092
406,600016.SH,20170505,7.68,7.72,7.58,7.71,7.71,0.0,0.0,1463236.73,1118763.589
407,600016.SH,20170504,7.79,7.8,7.68,7.71,7.78,-0.07,-0.9,1296873.54,1002770.846
408,600016.SH,20170503,7.85,7.86,7.77,7.78,7.86,-0.08,-1.02,817264.99,638250.751
409,600016.SH,20170502,7.85,7.89,7.81,7.86,7.87,-0.01,-0.13,744151.28,584386.527
410,600016.SH,20170428,7.87,7.9,7.79,7.87,7.87,0.0,0.0,1238538.4,971020.386
411,600016.SH,20170427,7.72,7.88,7.66,7.87,7.71,0.16,2.08,1749731.49,1363354.26
412,600016.SH,20170426,7.83,7.84,7.7,7.71,7.84,-0.13,-1.66,1552135.21,1207016.928
413,600016.SH,20170425,7.84,7.87,7.81,7.84,7.83,0.01,0.13,882935.92,691465.532
414,600016.SH,20170424,7.9,7.9,7.82,7.83,7.9,-0.07,-0.89,794666.0,623077.655
415,600016.SH,20170421,7.86,7.93,7.84,7.9,7.84,0.06,0.77,921139.85,724969.237
416,600016.SH,20170420,7.91,7.94,7.81,7.84,7.94,-0.1,-1.26,1247531.65,982129.696
417,600016.SH,20170419,7.97,8.02,7.92,7.94,8.06,-0.12,-1.49,1256340.94,999685.802
418,600016.SH,20170418,8.18,8.18,8.05,8.06,8.23,-0.17,-2.07,1276171.52,1033016.656
419,600016.SH,20170417,8.19,8.24,8.06,8.23,8.2,0.03,0.37,1504392.7,1223536.122
420,600016.SH,20170414,8.33,8.34,8.17,8.2,8.33,-0.13,-1.56,1478496.64,1215637.82
421,600016.SH,20170413,8.36,8.38,8.32,8.33,8.37,-0.04,-0.48,656948.59,547590.296
422,600016.SH,20170412,8.4,8.4,8.34,8.37,8.41,-0.04,-0.48,841051.59,703813.565
423,600016.SH,20170411,8.41,8.44,8.34,8.41,8.43,-0.02,-0.24,905384.94,759699.794
424,600016.SH,20170410,8.5,8.51,8.42,8.43,8.5,-0.07,-0.82,832243.32,703609.622
425,600016.SH,20170407,8.49,8.53,8.46,8.5,8.49,0.01,0.12,949194.13,806794.838
426,600016.SH,20170406,8.52,8.52,8.46,8.49,8.51,-0.02,-0.24,847817.91,718808.049
427,600016.SH,20170405,8.48,8.52,8.44,8.51,8.48,0.03,0.35,1127158.54,956009.76
428,600016.SH,20170331,8.45,8.53,8.45,8.48,8.46,0.02,0.24,647264.57,549116.673
429,600016.SH,20170330,8.5,8.52,8.4,8.46,8.52,-0.06,-0.7,846006.64,714830.199
430,600016.SH,20170329,8.56,8.59,8.5,8.52,8.55,-0.03,-0.35,694864.14,591948.172
431,600016.SH,20170328,8.62,8.62,8.53,8.55,8.61,-0.06,-0.7,576937.33,494561.958
432,600016.SH,20170327,8.6,8.65,8.59,8.61,8.6,0.01,0.12,753586.56,649342.138
433,600016.SH,20170324,8.59,8.62,8.56,8.6,8.59,0.01,0.12,648615.16,556787.033
434,600016.SH,20170323,8.55,8.6,8.54,8.59,8.55,0.04,0.47,1007491.03,864095.912
435,600016.SH,20170322,8.64,8.64,8.51,8.55,8.67,-0.12,-1.38,1243138.26,1064697.469
436,600016.SH,20170321,8.7,8.71,8.64,8.67,8.71,-0.04,-0.46,920892.83,797315.369
437,600016.SH,20170320,8.8,8.82,8.68,8.71,8.81,-0.1,-1.14,1038593.24,906805.027
438,600016.SH,20170317,8.89,8.89,8.78,8.81,8.88,-0.07,-0.79,931644.46,822494.696
439,600016.SH,20170316,8.86,8.9,8.85,8.88,8.86,0.02,0.23,704574.89,625518.311
440,600016.SH,20170315,8.83,8.87,8.81,8.86,8.84,0.02,0.23,464712.7,410520.125
441,600016.SH,20170314,8.85,8.87,8.82,8.84,8.86,-0.02,-0.23,446233.89,394734.77
442,600016.SH,20170313,8.84,8.87,8.8,8.86,8.84,0.02,0.23,447135.67,395086.24
443,600016.SH,20170310,8.87,8.89,8.82,8.84,8.87,-0.03,-0.34,406729.73,360003.774
444,600016.SH,20170309,8.9,8.91,8.85,8.87,8.92,-0.05,-0.56,545165.73,483861.45
445,600016.SH,20170308,8.96,8.97,8.9,8.92,8.97,-0.05,-0.56,563161.98,502746.152
446,600016.SH,20170307,8.95,8.98,8.93,8.97,8.96,0.01,0.11,343398.94,307714.88
447,600016.SH,20170306,8.96,8.97,8.94,8.96,8.97,-0.01,-0.11,595749.79,533330.379
448,600016.SH,20170303,8.96,8.99,8.93,8.97,8.97,0.0,0.0,619888.54,554774.654
449,600016.SH,20170302,9.04,9.06,8.95,8.97,9.04,-0.07,-0.77,1159460.09,1043224.526
450,600016.SH,20170301,9.05,9.05,9.02,9.04,9.03,0.01,0.11,689948.71,623486.88
451,600016.SH,20170228,9.04,9.06,9.02,9.03,9.04,-0.01,-0.11,440346.24,397968.692
452,600016.SH,20170227,9.07,9.08,9.02,9.04,9.07,-0.03,-0.33,807568.9,729999.861
453,600016.SH,20170224,9.08,9.1,9.05,9.07,9.08,-0.01,-0.11,779106.82,706880.083
454,600016.SH,20170223,9.1,9.11,9.07,9.08,9.09,-0.01,-0.11,561673.73,510267.983
455,600016.SH,20170222,9.12,9.12,9.07,9.09,9.13,-0.04,-0.44,905583.99,823358.547
456,600016.SH,20170221,9.16,9.19,9.1,9.13,9.14,-0.01,-0.11,1204690.03,1100914.716
457,600016.SH,20170220,9.04,9.15,9.03,9.14,9.03,0.11,1.22,1576806.14,1436019.388
458,600016.SH,20170217,9.12,9.14,9.03,9.03,9.12,-0.09,-0.99,1074462.37,975385.803
459,600016.SH,20170216,9.14,9.17,9.1,9.12,9.15,-0.03,-0.33,954501.96,869849.747
460,600016.SH,20170215,9.11,9.18,9.08,9.15,9.1,0.05,0.55,1443184.19,1318307.668
461,600016.SH,20170214,9.14,9.15,9.08,9.1,9.14,-0.04,-0.44,647560.99,589274.962
462,600016.SH,20170213,9.12,9.18,9.1,9.14,9.11,0.03,0.33,1025364.49,937052.263
463,600016.SH,20170210,9.13,9.14,9.08,9.11,9.12,-0.01,-0.11,972650.21,885695.663
464,600016.SH,20170209,9.12,9.15,9.09,9.12,9.12,0.0,0.0,459530.0,418873.635
465,600016.SH,20170208,9.11,9.14,9.06,9.12,9.14,-0.02,-0.22,397449.17,361346.73
466,600016.SH,20170207,9.16,9.19,9.1,9.14,9.16,-0.02,-0.22,421151.67,385290.956
467,600016.SH,20170206,9.21,9.23,9.15,9.16,9.17,-0.01,-0.11,425662.2,391284.362
468,600016.SH,20170203,9.28,9.28,9.17,9.17,9.25,-0.08,-0.86,248039.69,228389.826
469,600016.SH,20170126,9.23,9.29,9.23,9.25,9.22,0.03,0.33,195697.44,181256.712
470,600016.SH,20170125,9.24,9.26,9.2,9.22,9.27,-0.05,-0.54,167760.54,154747.457
471,600016.SH,20170124,9.22,9.29,9.21,9.27,9.22,0.05,0.54,278819.95,258024.163
472,600016.SH,20170123,9.24,9.26,9.19,9.22,9.22,0.0,0.0,237415.68,218992.125
473,600016.SH,20170120,9.18,9.24,9.15,9.22,9.18,0.04,0.44,270383.13,248813.297
474,600016.SH,20170119,9.15,9.26,9.14,9.18,9.18,0.0,0.0,247079.34,227509.736
475,600016.SH,20170118,9.17,9.2,9.13,9.18,9.15,0.03,0.33,230769.75,211871.129
476,600016.SH,20170117,9.16,9.19,9.13,9.15,9.2,-0.05,-0.54,317108.44,290563.852
477,600016.SH,20170116,9.07,9.27,8.97,9.2,9.08,0.12,1.32,1963185.55,1798612.066
478,600016.SH,20170113,8.99,9.1,8.98,9.08,9.0,0.08,0.89,590214.03,534243.615
479,600016.SH,20170112,9.0,9.03,8.98,9.0,8.99,0.01,0.11,225111.84,202778.273
480,600016.SH,20170111,9.03,9.05,8.98,8.99,9.03,-0.04,-0.44,388228.92,350048.43
481,600016.SH,20170110,9.01,9.05,9.01,9.03,9.02,0.01,0.11,389462.71,351732.17
482,600016.SH,20170109,9.0,9.04,8.98,9.02,9.01,0.01,0.11,491148.01,442818.754
483,600016.SH,20170106,9.08,9.09,9.01,9.01,9.08,-0.07,-0.77,557325.53,503621.293
484,600016.SH,20170105,9.11,9.12,9.07,9.08,9.11,-0.03,-0.33,562433.09,511452.908
485,600016.SH,20170104,9.1,9.12,9.04,9.11,9.11,0.0,0.0,731203.72,663889.518
486,600016.SH,20170103,9.08,9.16,9.05,9.11,9.08,0.03,0.33,583523.89,531505.641
487,600016.SH,20161230,9.08,9.11,9.05,9.08,9.06,0.02,0.22,548213.71,497483.705
488,600016.SH,20161229,9.04,9.08,9.02,9.06,9.05,0.01,0.11,377857.21,341997.322
489,600016.SH,20161228,9.09,9.1,9.01,9.05,9.09,-0.04,-0.44,638562.67,577426.117
490,600016.SH,20161227,9.14,9.17,9.07,9.09,9.14,-0.05,-0.55,477396.78,435080.272
491,600016.SH,20161226,9.1,9.15,9.05,9.14,9.16,-0.02,-0.22,405417.3,368731.704
492,600016.SH,20161223,9.18,9.18,9.1,9.16,9.18,-0.02,-0.22,389033.29,355004.039
493,600016.SH,20161222,9.22,9.22,9.15,9.18,9.24,-0.06,-0.65,408550.26,374824.264
494,600016.SH,20161221,9.2,9.25,9.18,9.24,9.25,-0.01,-0.11,536162.02,494283.517
495,600016.SH,20161220,9.32,9.37,9.18,9.25,9.26,-0.01,-0.11,661158.41,611317.171
496,600016.SH,20161219,9.31,9.33,9.19,9.26,9.33,-0.07,-0.75,520360.86,480802.985
497,600016.SH,20161216,9.5,9.53,9.33,9.33,9.51,-0.18,-1.89,2051283.33,1935504.609
498,600016.SH,20161215,9.76,9.88,9.46,9.51,9.85,-0.34,-3.45,1112558.95,1064480.037
499,600016.SH,20161214,9.68,9.99,9.66,9.85,9.67,0.18,1.86,2730449.71,2698679.711
500,600016.SH,20161213,9.67,9.73,9.58,9.67,9.74,-0.07,-0.72,799497.29,772666.616
501,600016.SH,20161212,9.68,9.81,9.53,9.74,9.72,0.02,0.21,1437684.46,1395029.368
502,600016.SH,20161209,9.57,9.81,9.54,9.72,9.66,0.06,0.62,1915367.4,1862532.863
503,600016.SH,20161208,9.34,9.73,9.32,9.66,9.35,0.31,3.32,2748595.66,2627142.617
504,600016.SH,20161207,9.4,9.41,9.32,9.35,9.42,-0.07,-0.74,506170.07,473337.173
505,600016.SH,20161206,9.38,9.46,9.37,9.42,9.43,-0.01,-0.11,485129.81,457280.036
506,600016.SH,20161205,9.35,9.46,9.3,9.43,9.43,0.0,0.0,1097294.25,1028899.584
507,600016.SH,20161202,9.43,9.48,9.31,9.43,9.43,0.0,0.0,1245068.95,1168607.118
508,600016.SH,20161201,9.53,9.75,9.41,9.43,9.5,-0.07,-0.74,1993870.21,1901931.242
509,600016.SH,20161130,9.49,9.52,9.43,9.5,9.47,0.03,0.32,1110349.2,1051281.862
510,600016.SH,20161129,9.4,9.48,9.37,9.47,9.4,0.07,0.74,1752804.42,1654117.136
511,600016.SH,20161128,9.41,9.57,9.35,9.4,9.41,-0.01,-0.11,1884188.89,1775621.56
512,600016.SH,20161125,9.4,9.42,9.29,9.41,9.35,0.06,0.64,662626.39,620586.022
513,600016.SH,20161124,9.38,9.4,9.33,9.35,9.37,-0.02,-0.21,673679.15,631023.815
514,600016.SH,20161123,9.32,9.47,9.29,9.37,9.31,0.06,0.64,810350.36,760934.326
515,600016.SH,20161122,9.28,9.32,9.28,9.31,9.28,0.03,0.32,700359.85,651065.978
516,600016.SH,20161121,9.22,9.29,9.18,9.28,9.2,0.08,0.87,559481.26,517559.97
517,600016.SH,20161118,9.19,9.22,9.17,9.2,9.2,0.0,0.0,503266.89,462714.665
518,600016.SH,20161117,9.18,9.21,9.15,9.2,9.19,0.01,0.11,544779.95,500457.079
519,600016.SH,20161116,9.2,9.22,9.16,9.19,9.21,-0.02,-0.22,526834.84,484176.513
520,600016.SH,20161115,9.22,9.23,9.18,9.21,9.22,-0.01,-0.11,362145.12,333400.977
521,600016.SH,20161114,9.18,9.24,9.17,9.22,9.2,0.02,0.22,512399.51,472058.678
522,600016.SH,20161111,9.15,9.21,9.12,9.2,9.16,0.04,0.44,492284.94,451278.552
523,600016.SH,20161110,9.14,9.17,9.12,9.16,9.11,0.05,0.55,663693.53,607422.568
524,600016.SH,20161109,9.18,9.18,9.04,9.11,9.17,-0.06,-0.65,779455.07,708899.654
525,600016.SH,20161108,9.16,9.19,9.14,9.17,9.16,0.01,0.11,386068.34,353720.851
526,600016.SH,20161107,9.15,9.17,9.13,9.16,9.16,0.0,0.0,289204.38,264617.196
527,600016.SH,20161104,9.18,9.21,9.14,9.16,9.19,-0.03,-0.33,352801.19,323537.41
528,600016.SH,20161103,9.16,9.23,9.13,9.19,9.16,0.03,0.33,506556.55,465237.727
529,600016.SH,20161102,9.18,9.21,9.13,9.16,9.21,-0.05,-0.54,474087.21,433805.043
530,600016.SH,20161101,9.2,9.23,9.16,9.21,9.2,0.01,0.11,229804.9,211552.457
531,600016.SH,20161031,9.3,9.3,9.14,9.2,9.31,-0.11,-1.18,486428.78,446877.888
532,600016.SH,20161028,9.25,9.33,9.25,9.31,9.27,0.04,0.43,412783.45,382948.523
533,600016.SH,20161027,9.26,9.31,9.24,9.27,9.28,-0.01,-0.11,242191.35,224412.103
534,600016.SH,20161026,9.33,9.35,9.26,9.28,9.36,-0.08,-0.85,276549.09,256869.838
535,600016.SH,20161025,9.36,9.39,9.33,9.36,9.37,-0.01,-0.11,238907.18,223731.827
536,600016.SH,20161024,9.28,9.4,9.27,9.37,9.29,0.08,0.86,459690.76,429808.718
537,600016.SH,20161021,9.28,9.31,9.26,9.29,9.29,0.0,0.0,213638.36,198270.258
538,600016.SH,20161020,9.29,9.31,9.28,9.29,9.28,0.01,0.11,181374.51,168581.753
539,600016.SH,20161019,9.27,9.3,9.27,9.28,9.27,0.01,0.11,166271.59,154289.235
540,600016.SH,20161018,9.23,9.28,9.23,9.27,9.24,0.03,0.32,260116.75,240904.614
541,600016.SH,20161017,9.23,9.29,9.19,9.24,9.24,0.0,0.0,313220.9,289216.804
542,600016.SH,20161014,9.18,9.26,9.17,9.24,9.19,0.05,0.54,349859.13,322788.469
543,600016.SH,20161013,9.26,9.27,9.14,9.19,9.27,-0.08,-0.86,694990.04,638628.02
544,600016.SH,20161012,9.29,9.31,9.26,9.27,9.31,-0.04,-0.43,287909.76,267069.997
545,600016.SH,20161011,9.32,9.34,9.28,9.31,9.33,-0.02,-0.21,343070.4,319143.727
546,600016.SH,20161010,9.26,9.36,9.26,9.33,9.26,0.07,0.76,296388.56,276015.702
547,600016.SH,20160930,9.23,9.29,9.23,9.26,9.23,0.03,0.33,244781.8,226785.232
548,600016.SH,20160929,9.21,9.25,9.2,9.23,9.2,0.03,0.33,246655.71,227720.526
549,600016.SH,20160928,9.31,9.31,9.16,9.2,9.31,-0.11,-1.18,501706.9,463785.234
550,600016.SH,20160927,9.3,9.32,9.26,9.31,9.31,0.0,0.0,427027.82,397080.758
551,600016.SH,20160926,9.28,9.35,9.25,9.31,9.27,0.04,0.43,644113.35,599254.986
552,600016.SH,20160923,9.38,9.39,9.34,9.38,9.37,0.01,0.11,234686.94,219993.474
553,600016.SH,20160922,9.35,9.4,9.32,9.37,9.33,0.04,0.43,243385.81,227946.229
554,600016.SH,20160921,9.33,9.34,9.3,9.33,9.32,0.01,0.11,273473.86,254795.418
555,600016.SH,20160920,9.34,9.34,9.3,9.32,9.33,-0.01,-0.11,285931.92,266292.414
556,600016.SH,20160919,9.33,9.34,9.3,9.33,9.31,0.02,0.21,302818.01,282011.899
557,600016.SH,20160914,9.28,9.33,9.28,9.31,9.31,0.0,0.0,361420.16,336343.458
558,600016.SH,20160913,9.28,9.33,9.28,9.31,9.3,0.01,0.11,298646.01,277949.501
559,600016.SH,20160912,9.21,9.32,9.2,9.3,9.3,0.0,0.0,1016206.96,943392.02
560,600016.SH,20160909,9.32,9.33,9.29,9.3,9.32,-0.02,-0.21,332054.79,309151.676
561,600016.SH,20160908,9.32,9.33,9.3,9.32,9.33,-0.01,-0.11,250825.75,233593.285
562,600016.SH,20160907,9.32,9.33,9.3,9.33,9.32,0.01,0.11,497022.4,462671.348
563,600016.SH,20160906,9.32,9.37,9.3,9.32,9.35,-0.03,-0.32,524745.57,488927.616
564,600016.SH,20160905,9.3,9.38,9.27,9.35,9.31,0.04,0.43,463703.62,432936.872
565,600016.SH,20160902,9.25,9.34,9.25,9.31,9.28,0.03,0.32,559201.17,520513.043
566,600016.SH,20160901,9.29,9.33,9.26,9.28,9.31,-0.03,-0.32,507181.07,471525.518
567,600016.SH,20160831,9.3,9.34,9.27,9.31,9.35,-0.04,-0.43,516618.95,480272.617
568,600016.SH,20160830,9.25,9.36,9.25,9.35,9.24,0.11,1.19,531669.39,494860.977
569,600016.SH,20160829,9.26,9.29,9.21,9.24,9.3,-0.06,-0.65,533544.91,492634.856
570,600016.SH,20160826,9.28,9.32,9.26,9.3,9.3,0.0,0.0,446571.65,414857.219
571,600016.SH,20160825,9.26,9.33,9.25,9.3,9.27,0.03,0.32,536919.59,498541.402
572,600016.SH,20160824,9.3,9.32,9.26,9.27,9.3,-0.03,-0.32,397643.65,368999.442
573,600016.SH,20160823,9.27,9.34,9.27,9.3,9.28,0.02,0.22,458541.84,426507.3
574,600016.SH,20160822,9.33,9.35,9.25,9.28,9.34,-0.06,-0.64,582133.48,540203.988
575,600016.SH,20160819,9.36,9.39,9.3,9.34,9.36,-0.02,-0.21,514582.96,480599.058
576,600016.SH,20160818,9.37,9.44,9.31,9.36,9.41,-0.05,-0.53,787114.88,736960.29
577,600016.SH,20160817,9.42,9.44,9.33,9.41,9.41,0.0,0.0,788086.67,739729.165
578,600016.SH,20160816,9.76,9.78,9.34,9.41,9.71,-0.3,-3.09,2106621.68,1997704.303
579,600016.SH,20160815,9.49,9.81,9.43,9.71,9.49,0.22,2.32,1647328.63,1594295.458
580,600016.SH,20160812,9.32,9.53,9.24,9.49,9.31,0.18,1.93,1107273.09,1040181.963
581,600016.SH,20160811,9.25,9.51,9.23,9.31,9.24,0.07,0.76,1114539.0,1048606.171
582,600016.SH,20160810,9.23,9.26,9.22,9.24,9.24,0.0,0.0,591762.1,546679.562
583,600016.SH,20160809,9.23,9.25,9.19,9.24,9.23,0.01,0.11,667008.68,614514.652
584,600016.SH,20160808,9.28,9.28,9.15,9.23,9.3,-0.07,-0.75,839532.93,772214.384
585,600016.SH,20160805,9.14,9.47,9.12,9.3,9.14,0.16,1.75,1057123.7,980386.355
586,600016.SH,20160804,9.14,9.15,9.08,9.14,9.15,-0.01,-0.11,732320.8,666981.119
587,600016.SH,20160803,9.11,9.21,9.1,9.15,9.2,-0.05,-0.54,1057040.61,966858.422
588,600016.SH,20160802,9.2,9.23,9.16,9.2,9.22,-0.02,-0.22,668262.98,613796.528
589,600016.SH,20160801,9.15,9.24,9.14,9.22,9.16,0.06,0.66,788916.93,725981.971
590,600016.SH,20160729,9.17,9.2,9.14,9.16,9.13,0.03,0.33,1097914.88,1005606.95
591,600016.SH,20160728,9.19,9.22,9.11,9.13,9.24,-0.11,-1.19,705610.15,647188.795
592,600016.SH,20160727,9.22,9.25,9.06,9.24,9.23,0.01,0.11,1430417.85,1312307.514
593,600016.SH,20160726,9.17,9.25,9.14,9.23,9.19,0.04,0.44,1196622.12,1101561.107
594,600016.SH,20160725,9.21,9.28,9.12,9.19,9.22,-0.03,-0.33,929452.89,852286.921
595,600016.SH,20160722,9.29,9.35,9.21,9.22,9.31,-0.09,-0.97,767104.71,712636.098
596,600016.SH,20160721,9.31,9.39,9.23,9.31,9.29,0.02,0.22,894348.86,832431.575
597,600016.SH,20160720,9.52,9.54,9.28,9.29,9.5,-0.21,-2.21,714629.91,669749.291
598,600016.SH,20160719,9.72,9.88,9.35,9.5,9.54,-0.04,-0.42,1079327.64,1032839.914
599,600016.SH,20160718,9.35,9.83,9.35,9.54,9.25,0.29,3.14,1487076.07,1430165.779
600,600016.SH,20160715,9.31,9.37,9.23,9.25,9.3,-0.05,-0.54,479597.8,446193.486
601,600016.SH,20160714,9.18,9.45,9.17,9.3,9.16,0.14,1.53,797805.97,742127.508
602,600016.SH,20160713,9.12,9.53,9.09,9.16,9.13,0.03,0.33,1078529.83,1002626.131
603,600016.SH,20160712,9.01,9.15,8.99,9.13,8.99,0.14,1.56,846107.73,768638.267
604,600016.SH,20160711,8.97,9.03,8.93,8.99,8.93,0.06,0.67,523645.02,470815.579
605,600016.SH,20160708,8.95,8.97,8.93,8.93,8.96,-0.03,-0.33,422533.84,378027.53
606,600016.SH,20160707,8.93,8.98,8.89,8.96,8.93,0.03,0.34,568485.41,508193.442
607,600016.SH,20160706,8.93,8.96,8.9,8.93,8.97,-0.04,-0.45,518616.95,462836.308
608,600016.SH,20160705,8.98,9.02,8.92,8.97,9.02,-0.05,-0.55,591390.24,530861.422
609,600016.SH,20160704,8.92,9.08,8.92,9.02,8.93,0.09,1.01,678914.87,612648.068
610,600016.SH,20160701,8.94,8.99,8.9,8.93,8.93,0.0,0.0,386340.89,345519.883
611,600016.SH,20160630,9.06,9.1,8.88,8.93,9.14,-0.21,-2.3,856644.45,768581.216
612,600016.SH,20160629,8.86,9.15,8.81,9.14,8.84,0.3,3.39,1746713.54,1570743.438
613,600016.SH,20160628,8.86,8.87,8.82,8.84,8.87,-0.03,-0.34,458655.53,405380.758
614,600016.SH,20160627,8.84,8.92,8.82,8.87,8.84,0.03,0.34,614548.82,544070.298
615,600016.SH,20160624,8.98,9.03,8.79,8.84,8.93,-0.09,-1.01,567841.09,504468.187
616,600016.SH,20160623,9.1,9.1,9.03,9.09,9.08,0.01,0.11,399830.69,363168.123
617,600016.SH,20160622,9.07,9.09,9.03,9.08,9.08,0.0,0.0,300335.97,272366.853
618,600016.SH,20160621,9.04,9.1,9.02,9.08,9.05,0.03,0.33,425227.29,385440.051
619,600016.SH,20160620,9.11,9.15,8.99,9.05,9.08,-0.03,-0.33,279676.49,252641.616
620,600016.SH,20160617,9.01,9.12,9.01,9.08,9.02,0.06,0.67,573205.29,520135.969
621,600016.SH,20160616,8.98,9.11,8.97,9.02,9.05,-0.03,-0.33,561904.99,508928.045
622,600016.SH,20160615,8.93,9.06,8.92,9.05,9.03,0.02,0.22,792165.71,713886.191
623,600016.SH,20160614,8.95,9.12,8.91,9.03,8.95,0.08,0.89,837401.3,756754.105
624,600016.SH,20160613,8.94,9.02,8.93,8.95,9.0,-0.05,-0.56,854829.76,767476.177
625,600016.SH,20160608,9.0,9.04,8.98,9.0,9.0,0.0,0.0,954724.45,859841.674
626,600016.SH,20160607,9.03,9.04,8.98,9.0,9.01,-0.01,-0.11,488273.67,440026.547
627,600016.SH,20160606,8.98,9.01,8.93,9.01,8.99,0.02,0.22,526067.89,472082.695
628,600016.SH,20160603,9.03,9.03,8.91,8.99,8.97,0.02,0.22,628666.86,562930.86
629,600016.SH,20160602,8.98,9.01,8.92,8.97,8.98,-0.01,-0.11,500649.89,448230.875
630,600016.SH,20160601,9.12,9.12,8.97,8.98,9.09,-0.11,-1.21,1071492.01,965827.227
631,600016.SH,20160531,8.96,9.15,8.96,9.09,8.95,0.14,1.56,1412161.53,1282544.034
632,600016.SH,20160530,8.91,8.96,8.83,8.95,8.91,0.04,0.45,1253724.63,1120553.448
633,600016.SH,20160527,8.85,8.94,8.83,8.91,8.9,0.01,0.11,721532.68,641621.334
634,600016.SH,20160526,8.82,8.9,8.81,8.9,8.86,0.04,0.45,603547.85,535720.67
635,600016.SH,20160525,8.75,8.87,8.69,8.86,8.68,0.18,2.07,740101.07,651147.901
636,600016.SH,20160524,8.88,8.88,8.66,8.68,8.87,-0.19,-2.14,2174771.77,1897145.575
637,600016.SH,20160523,9.0,9.03,8.86,8.87,9.0,-0.13,-1.44,1281477.29,1144884.242
638,600016.SH,20160520,8.98,9.04,8.98,9.0,9.0,0.0,0.0,1573463.59,1416296.607
639,600016.SH,20160519,9.1,9.11,8.99,9.0,9.13,-0.13,-1.42,570107.44,516598.54
640,600016.SH,20160518,9.08,9.17,9.02,9.13,9.08,0.05,0.55,1386453.61,1257228.14
641,600016.SH,20160517,9.2,9.2,9.07,9.08,9.2,-0.12,-1.3,568843.63,517681.182
642,600016.SH,20160516,9.15,9.24,9.15,9.2,9.19,0.01,0.11,330775.45,303958.06
643,600016.SH,20160513,9.23,9.28,9.18,9.19,9.27,-0.08,-0.86,1085214.82,1003169.368
644,600016.SH,20160512,9.27,9.34,9.23,9.27,9.28,-0.01,-0.11,732963.72,679291.052
645,600016.SH,20160511,9.28,9.33,9.23,9.28,9.26,0.02,0.22,369482.45,342794.145
646,600016.SH,20160510,9.13,9.31,9.13,9.26,9.22,0.04,0.43,352710.24,326325.201
647,600016.SH,20160509,9.25,9.33,9.11,9.22,9.26,-0.04,-0.43,463764.07,428376.268
648,600016.SH,20160506,9.36,9.37,9.23,9.26,9.36,-0.1,-1.07,423868.81,394524.304
649,600016.SH,20160505,9.35,9.39,9.34,9.36,9.38,-0.02,-0.21,233399.99,218547.024
650,600016.SH,20160504,9.3,9.41,9.3,9.38,9.38,0.0,0.0,233467.29,218537.657
651,600016.SH,20160503,9.31,9.42,9.28,9.38,9.3,0.08,0.86,458575.53,429277.703
652,600016.SH,20160429,9.36,9.48,9.29,9.3,9.37,-0.07,-0.75,697045.17,653497.04
653,600016.SH,20160428,9.43,9.5,9.33,9.37,9.39,-0.02,-0.21,440227.57,414173.685
654,600016.SH,20160427,9.5,9.51,9.38,9.39,9.46,-0.07,-0.74,756422.31,713834.315
655,600016.SH,20160426,9.4,9.58,9.38,9.46,9.44,0.02,0.21,758490.17,715842.107
656,600016.SH,20160425,9.32,9.5,9.25,9.44,9.4,0.04,0.43,702940.66,662746.756
657,600016.SH,20160422,9.25,9.54,9.23,9.4,9.3,0.1,1.08,730606.88,687777.255
658,600016.SH,20160421,9.24,9.58,9.2,9.3,9.32,-0.02,-0.21,1669550.94,1570407.226
659,600016.SH,20160420,9.2,9.34,8.93,9.32,9.2,0.12,1.3,1592890.57,1462074.682
660,600016.SH,20160419,9.23,9.26,9.15,9.2,9.19,0.01,0.11,844460.88,778031.961
661,600016.SH,20160418,9.11,9.27,9.1,9.19,9.21,-0.02,-0.22,1086337.99,1002520.82
662,600016.SH,20160415,9.14,9.26,9.11,9.21,9.11,0.1,1.1,1168500.44,1075061.87
663,600016.SH,20160414,9.18,9.18,9.09,9.11,9.11,0.0,0.0,709105.43,647034.052
664,600016.SH,20160413,9.06,9.15,9.02,9.11,9.03,0.08,0.89,1136949.86,1035536.49
665,600016.SH,20160412,9.03,9.06,8.99,9.03,9.01,0.02,0.22,330498.69,298266.582
666,600016.SH,20160411,8.95,9.08,8.95,9.01,8.99,0.02,0.22,498481.99,450314.675
667,600016.SH,20160408,8.92,9.04,8.89,8.99,8.99,0.0,0.0,419171.26,376952.961
668,600016.SH,20160407,9.07,9.08,8.98,8.99,9.05,-0.06,-0.66,576332.83,519530.377
669,600016.SH,20160406,9.13,9.22,9.01,9.05,9.22,-0.17,-1.84,1043809.81,946880.159
670,600016.SH,20160405,9.12,9.27,9.01,9.22,9.24,-0.02,-0.22,701466.24,641918.123
671,600016.SH,20160401,9.14,9.25,8.98,9.24,9.11,0.13,1.43,941101.62,862334.349
672,600016.SH,20160331,9.17,9.18,9.06,9.11,9.14,-0.03,-0.33,348740.1,317617.017
673,600016.SH,20160330,9.02,9.17,8.97,9.14,8.94,0.2,2.24,750898.89,681081.725
674,600016.SH,20160329,8.96,9.05,8.92,8.94,8.93,0.01,0.11,562011.05,505016.385
675,600016.SH,20160328,9.1,9.12,8.86,8.93,9.09,-0.16,-1.76,750061.56,675638.311
676,600016.SH,20160325,9.09,9.14,9.09,9.09,9.09,0.0,0.0,355645.41,323644.199
677,600016.SH,20160324,9.12,9.15,9.08,9.09,9.16,-0.07,-0.76,568624.33,517297.864
678,600016.SH,20160323,9.15,9.21,9.12,9.16,9.19,-0.03,-0.33,492786.79,451896.392
679,600016.SH,20160322,9.24,9.38,9.15,9.19,9.2,-0.01,-0.11,865992.42,801440.086
680,600016.SH,20160321,9.16,9.26,9.12,9.2,9.13,0.07,0.77,861139.68,792628.82
681,600016.SH,20160318,9.19,9.23,9.08,9.13,9.2,-0.07,-0.76,1543314.9,1413272.845
682,600016.SH,20160317,9.46,9.48,9.01,9.2,9.44,-0.24,-2.54,1723580.71,1590776.778
683,600016.SH,20160316,9.11,9.58,9.08,9.44,9.17,0.27,2.94,3404922.45,3209502.801
684,600016.SH,20160315,9.08,9.2,8.96,9.17,9.03,0.14,1.55,716650.39,651887.444
685,600016.SH,20160314,9.19,9.27,8.94,9.03,9.12,-0.09,-0.99,939006.77,856642.717
686,600016.SH,20160311,9.0,9.15,8.87,9.12,9.05,0.07,0.77,868224.33,785309.402
687,600016.SH,20160310,9.18,9.27,9.02,9.05,9.34,-0.29,-3.1,819718.11,749221.022
688,600016.SH,20160309,9.01,9.35,8.91,9.34,9.29,0.05,0.54,1799477.06,1654141.45
689,600016.SH,20160308,9.11,9.37,8.73,9.29,9.17,0.12,1.31,1379041.31,1247011.606
690,600016.SH,20160307,9.25,9.34,9.11,9.17,9.33,-0.16,-1.71,1218007.61,1120412.945
691,600016.SH,20160304,8.65,9.38,8.63,9.33,8.7,0.63,7.24,4910361.49,4512019.023
692,600016.SH,20160303,8.59,8.73,8.51,8.7,8.56,0.14,1.64,933558.29,803444.278
693,600016.SH,20160302,8.5,8.58,8.44,8.56,8.43,0.13,1.54,772907.03,658937.291
694,600016.SH,20160301,8.44,8.49,8.35,8.43,8.45,-0.02,-0.24,492647.15,414916.233
695,600016.SH,20160229,8.26,8.48,8.2,8.45,8.31,0.14,1.68,1130351.47,943201.284
696,600016.SH,20160226,8.19,8.38,8.1,8.31,8.14,0.17,2.09,1014559.77,836167.751
697,600016.SH,20160225,8.49,8.5,8.16,8.21,8.5,-0.29,-3.41,922411.2,770483.485
698,600016.SH,20160224,8.45,8.51,8.44,8.5,8.47,0.03,0.35,408190.95,345701.25
699,600016.SH,20160223,8.58,8.59,8.43,8.47,8.6,-0.13,-1.51,617417.31,524128.004
700,600016.SH,20160222,8.58,8.65,8.51,8.6,8.51,0.09,1.06,745358.6,639500.849
701,600016.SH,20160219,8.54,8.59,8.48,8.51,8.59,-0.08,-0.93,955109.43,814468.648
702,600016.SH,20160218,8.6,8.62,8.49,8.59,8.56,0.03,0.35,905955.21,774333.799
703,600016.SH,20160217,8.57,8.6,8.52,8.56,8.58,-0.02,-0.23,609831.71,522010.459
704,600016.SH,20160216,8.46,8.66,8.46,8.58,8.46,0.12,1.42,485060.06,416216.121
705,600016.SH,20160215,8.34,8.53,8.31,8.46,8.43,0.03,0.36,433681.9,365182.944
706,600016.SH,20160205,8.47,8.52,8.41,8.43,8.46,-0.03,-0.35,405291.07,342945.941
707,600016.SH,20160204,8.52,8.54,8.43,8.46,8.44,0.02,0.24,477732.45,404853.202
708,600016.SH,20160203,8.4,8.47,8.38,8.44,8.49,-0.05,-0.59,580236.24,487853.803
709,600016.SH,20160202,8.46,8.57,8.44,8.49,8.5,-0.01,-0.12,697017.09,591829.918
710,600016.SH,20160201,8.58,8.66,8.44,8.5,8.59,-0.09,-1.05,507386.81,431490.702
711,600016.SH,20160129,8.58,8.69,8.5,8.59,8.53,0.06,0.7,863583.92,743851.479
712,600016.SH,20160128,8.48,8.58,8.38,8.53,8.51,0.02,0.24,786693.22,665734.205
713,600016.SH,20160127,8.43,8.61,8.36,8.51,8.36,0.15,1.79,1220064.01,1036237.102
714,600016.SH,20160126,8.44,8.49,8.24,8.36,8.51,-0.15,-1.76,934434.36,781318.742
715,600016.SH,20160125,8.5,8.52,8.35,8.51,8.5,0.01,0.12,557749.65,470105.227
716,600016.SH,20160122,8.54,8.56,8.43,8.5,8.46,0.04,0.47,569113.27,482951.928
717,600016.SH,20160121,8.59,8.75,8.46,8.46,8.58,-0.12,-1.4,680699.44,583015.01
718,600016.SH,20160120,8.46,8.63,8.46,8.58,8.56,0.02,0.23,1005071.96,858275.168
719,600016.SH,20160119,8.49,8.58,8.39,8.56,8.49,0.07,0.82,819702.11,697741.279
720,600016.SH,20160118,8.34,8.51,8.32,8.49,8.47,0.02,0.24,674649.1,569514.087
721,600016.SH,20160115,8.5,8.53,8.27,8.47,8.49,-0.02,-0.24,795252.78,667566.274
722,600016.SH,20160114,8.29,8.53,8.25,8.49,8.45,0.04,0.47,649121.67,548471.4
723,600016.SH,20160113,8.63,8.65,8.39,8.45,8.47,-0.02,-0.24,697651.93,592961.697
724,600016.SH,20160112,8.55,8.6,8.43,8.47,8.46,0.01,0.12,738394.66,628626.898
725,600016.SH,20160111,8.55,8.76,8.4,8.46,8.7,-0.24,-2.76,1298944.02,1112802.666
726,600016.SH,20160108,8.88,8.93,8.55,8.7,8.6,0.1,1.16,1097998.52,958876.973
727,600016.SH,20160107,9.03,9.08,8.54,8.6,9.15,-0.55,-6.01,249640.2,220841.489
728,600016.SH,20160106,9.12,9.19,9.02,9.15,9.12,0.03,0.33,809815.64,737495.387
729,600016.SH,20160105,8.95,9.28,8.9,9.12,9.03,0.09,1.0,1094906.59,998665.351
730,600016.SH,20160104,9.48,9.55,9.01,9.03,9.64,-0.61,-6.33,838676.59,780986.219
731,600016.SH,20151231,9.35,9.7,9.21,9.64,9.43,0.21,2.23,3964164.77,3764596.051
732,600016.SH,20151230,9.17,9.48,9.07,9.43,9.21,0.22,2.39,2055222.1,1898472.476
733,600016.SH,20151229,9.1,9.3,9.07,9.21,9.14,0.07,0.77,1234483.07,1133945.13
734,600016.SH,20151228,9.4,9.42,9.09,9.14,9.44,-0.3,-3.18,1842437.53,1699169.911
735,600016.SH,20151225,9.42,9.47,9.33,9.44,9.39,0.05,0.53,1229463.37,1155351.992
736,600016.SH,20151224,9.5,9.57,9.25,9.39,9.52,-0.13,-1.37,1742005.68,1632623.486
737,600016.SH,20151223,9.6,9.84,9.43,9.52,9.58,-0.06,-0.63,3226117.68,3109300.701
738,600016.SH,20151222,9.84,9.86,9.5,9.58,9.97,-0.39,-3.91,3720752.02,3591259.084
739,600016.SH,20151221,9.01,9.98,8.98,9.97,9.07,0.9,9.92,8567966.95,8355864.425
740,600016.SH,20151218,8.73,9.61,8.73,9.07,8.74,0.33,3.78,4456416.47,4117547.006
741,600016.SH,20151217,8.68,8.77,8.68,8.74,8.67,0.07,0.81,791620.75,691071.549
742,600016.SH,20151216,8.7,8.74,8.66,8.67,8.69,-0.02,-0.23,441544.1,383878.845
743,600016.SH,20151215,8.79,8.82,8.68,8.69,8.8,-0.11,-1.25,538068.72,469522.527
744,600016.SH,20151214,8.65,8.83,8.63,8.8,8.71,0.09,1.03,900329.75,786587.255
745,600016.SH,20151211,8.66,8.72,8.55,8.71,8.7,0.01,0.11,700657.81,606298.31
746,600016.SH,20151210,8.73,8.89,8.67,8.7,8.71,-0.01,-0.11,658739.59,577204.676
747,600016.SH,20151209,8.69,8.78,8.67,8.71,8.7,0.01,0.11,392702.14,342511.31
748,600016.SH,20151208,8.76,8.77,8.66,8.7,8.81,-0.11,-1.25,702339.06,611845.78
749,600016.SH,20151207,8.78,8.85,8.72,8.81,8.76,0.05,0.57,540722.45,476000.143
750,600016.SH,20151204,8.86,8.95,8.69,8.76,8.93,-0.17,-1.9,1270880.92,1121804.067
751,600016.SH,20151203,8.9,9.03,8.82,8.93,8.94,-0.01,-0.11,2027959.79,1811217.94
752,600016.SH,20151202,8.57,9.02,8.55,8.94,8.57,0.37,4.32,2110135.6,1865125.92
753,600016.SH,20151201,8.64,8.65,8.51,8.57,8.63,-0.06,-0.7,955489.22,819799.674
754,600016.SH,20151130,8.47,8.67,8.46,8.63,8.46,0.17,2.01,1193323.15,1023833.445
755,600016.SH,20151127,8.76,8.76,8.42,8.46,8.77,-0.31,-3.53,1382449.34,1189332.433
756,600016.SH,20151126,8.81,8.85,8.75,8.77,8.8,-0.03,-0.34,638905.46,562839.005
757,600016.SH,20151125,8.79,8.83,8.74,8.8,8.8,0.0,0.0,558730.52,490380.298
758,600016.SH,20151124,8.82,8.84,8.76,8.8,8.84,-0.04,-0.45,692212.12,608544.032
759,600016.SH,20151123,8.88,8.93,8.8,8.84,8.89,-0.05,-0.56,955672.75,846174.246
760,600016.SH,20151120,8.86,8.95,8.82,8.89,8.87,0.02,0.23,1446746.74,1287604.821
761,600016.SH,20151119,8.8,8.9,8.75,8.87,8.83,0.04,0.45,1365036.47,1203689.487
762,600016.SH,20151118,8.85,8.95,8.72,8.83,8.83,0.0,0.0,1681529.24,1482333.343
763,600016.SH,20151117,8.82,8.96,8.8,8.83,8.82,0.01,0.11,1809746.39,1608037.493
764,600016.SH,20151116,8.7,8.83,8.68,8.82,8.79,0.03,0.34,1105058.77,967788.464
765,600016.SH,20151113,8.82,8.89,8.78,8.79,8.88,-0.09,-1.01,918599.83,810752.121
766,600016.SH,20151112,8.94,8.94,8.82,8.88,8.9,-0.02,-0.22,1061877.41,942064.929
767,600016.SH,20151111,9.04,9.04,8.8,8.9,9.04,-0.14,-1.55,1670129.93,1487484.581
768,600016.SH,20151110,9.03,9.16,9.01,9.04,9.13,-0.09,-0.99,2036592.96,1841776.792
769,600016.SH,20151109,8.94,9.5,8.94,9.13,8.89,0.24,2.7,4154020.69,3849747.27
770,600016.SH,20151106,8.86,8.94,8.75,8.89,8.86,0.03,0.34,2154081.83,1903659.036
771,600016.SH,20151105,8.7,9.16,8.69,8.86,8.74,0.12,1.37,3347699.66,2992415.315
772,600016.SH,20151104,8.54,8.77,8.53,8.74,8.54,0.2,2.34,1669826.56,1447526.628
773,600016.SH,20151103,8.57,8.58,8.52,8.54,8.53,0.01,0.12,753061.33,643466.888
774,600016.SH,20151102,8.56,8.63,8.51,8.53,8.6,-0.07,-0.81,862566.58,738908.087
775,600016.SH,20151030,8.58,8.68,8.57,8.6,8.58,0.02,0.23,953221.17,822739.198
776,600016.SH,20151029,8.63,8.67,8.57,8.58,8.64,-0.06,-0.69,592447.35,510483.448
777,600016.SH,20151028,8.65,8.74,8.62,8.64,8.69,-0.05,-0.58,670971.94,581100.116
778,600016.SH,20151027,8.75,8.77,8.66,8.69,8.75,-0.06,-0.69,658552.66,572810.816
779,600016.SH,20151026,8.78,8.81,8.72,8.75,8.73,0.02,0.23,809230.6,709128.984
780,600016.SH,20151023,8.73,8.76,8.68,8.73,8.75,-0.02,-0.23,891858.13,777319.791
781,600016.SH,20151022,8.76,8.93,8.71,8.75,9.0,-0.25,-2.78,1300670.06,1140117.095
782,600016.SH,20151021,8.57,9.4,8.54,9.0,8.57,0.43,5.02,2476206.16,2158251.337
783,600016.SH,20151020,8.55,8.58,8.53,8.57,8.57,0.0,0.0,697012.12,596086.239
784,600016.SH,20151019,8.61,8.64,8.55,8.57,8.62,-0.05,-0.58,858804.28,737405.743
785,600016.SH,20151016,8.62,8.67,8.56,8.62,8.6,0.02,0.23,1092728.52,940783.85
786,600016.SH,20151015,8.55,8.63,8.51,8.6,8.54,0.06,0.7,849212.87,727814.0
787,600016.SH,20151014,8.54,8.59,8.52,8.54,8.59,-0.05,-0.58,408452.57,349037.637
788,600016.SH,20151013,8.62,8.65,8.57,8.59,8.65,-0.06,-0.69,596595.68,512972.937
789,600016.SH,20151012,8.52,8.77,8.49,8.65,8.5,0.15,1.76,1350628.6,1163618.579
790,600016.SH,20151009,8.53,8.57,8.46,8.5,8.48,0.02,0.24,556434.69,473329.781
791,600016.SH,20151008,8.64,8.65,8.45,8.48,8.45,0.03,0.36,705301.55,602781.513
792,600016.SH,20150930,8.47,8.55,8.43,8.45,8.47,-0.02,-0.24,367632.63,312233.848
793,600016.SH,20150929,8.45,8.55,8.37,8.47,8.61,-0.14,-1.63,526307.34,443780.283
794,600016.SH,20150928,8.7,8.73,8.52,8.61,8.81,-0.2,-2.27,410780.46,355562.453
795,600016.SH,20150925,8.58,8.95,8.47,8.81,8.58,0.23,2.68,899639.1,779695.739
796,600016.SH,20150924,8.66,8.68,8.55,8.58,8.61,-0.03,-0.35,362794.66,312144.043
797,600016.SH,20150923,8.74,8.79,8.61,8.61,8.78,-0.17,-1.94,527968.18,458920.794
798,600016.SH,20150922,8.75,8.9,8.7,8.78,8.76,0.02,0.23,751676.51,663095.875
799,600016.SH,20150921,8.71,8.81,8.67,8.76,8.76,0.0,0.0,509019.28,445790.707
800,600016.SH,20150918,8.75,8.87,8.75,8.76,8.76,0.0,0.0,559352.26,493359.16
801,600016.SH,20150917,8.91,9.0,8.75,8.76,8.98,-0.22,-2.45,936431.14,829407.788
802,600016.SH,20150916,8.96,9.15,8.86,8.98,9.04,-0.06,-0.66,1202783.92,1079577.139
803,600016.SH,20150915,8.86,9.07,8.75,9.04,9.08,-0.04,-0.44,2087926.3,1868352.505
804,600016.SH,20150914,8.57,9.18,8.25,9.08,8.59,0.49,5.7,3949098.06,3495821.389
805,600016.SH,20150911,8.55,8.63,8.51,8.59,8.62,-0.03,-0.35,592083.67,507403.542
806,600016.SH,20150910,8.42,8.64,8.39,8.62,8.5,0.12,1.41,1261047.22,1075609.606
807,600016.SH,20150909,8.48,8.54,8.4,8.5,8.47,0.03,0.35,1360937.62,1151729.994
808,600016.SH,20150908,8.35,8.79,8.23,8.47,8.42,0.05,0.59,1551048.68,1314948.683
809,600016.SH,20150907,9.08,9.08,8.35,8.42,9.28,-0.86,-9.27,2525845.4,2191700.4
810,600016.SH,20150902,8.6,9.31,8.56,9.28,8.91,0.37,4.15,5222516.83,4716634.682
811,600016.SH,20150901,8.31,8.97,8.21,8.91,8.57,0.34,3.97,4405623.83,3814073.405
812,600016.SH,20150831,8.15,8.6,7.91,8.57,8.2,0.37,4.51,2624777.72,2147682.167
813,600016.SH,20150828,8.25,8.29,8.04,8.2,8.26,-0.06,-0.73,2126745.81,1737097.182
814,600016.SH,20150827,7.9,8.3,7.63,8.26,7.77,0.49,6.31,3036505.5,2407104.901
815,600016.SH,20150826,7.52,7.94,7.26,7.77,7.47,0.3,4.02,3129020.5,2392285.139
816,600016.SH,20150825,7.7,8.02,7.14,7.47,7.92,-0.45,-5.68,3732453.52,2862890.878
817,600016.SH,20150824,8.28,8.35,7.66,7.92,8.51,-0.59,-6.93,3528474.75,2792632.599
818,600016.SH,20150821,8.8,8.94,8.48,8.51,8.76,-0.25,-2.85,1861504.53,1626677.205
819,600016.SH,20150820,8.82,9.0,8.72,8.76,8.93,-0.17,-1.9,1471943.35,1300332.715
820,600016.SH,20150819,8.83,8.94,8.56,8.93,8.71,0.22,2.53,2288220.09,1993519.914
821,600016.SH,20150818,8.96,9.07,8.7,8.71,8.96,-0.25,-2.79,1714762.54,1527887.173
822,600016.SH,20150817,9.02,9.05,8.92,8.96,9.06,-0.1,-1.1,1133309.93,1014732.713
823,600016.SH,20150814,9.12,9.15,9.04,9.06,9.12,-0.06,-0.66,1064458.16,966491.829
824,600016.SH,20150813,9.26,9.26,9.02,9.12,9.18,-0.06,-0.65,1232106.65,1122948.602
825,600016.SH,20150812,9.19,9.27,9.1,9.18,9.28,-0.1,-1.08,1370113.04,1259153.074
826,600016.SH,20150811,9.38,9.4,9.26,9.28,9.44,-0.16,-1.69,1614261.37,1504814.925
827,600016.SH,20150810,9.24,9.45,9.19,9.44,9.33,0.11,1.18,2503784.94,2337629.091
828,600016.SH,20150807,9.46,9.47,9.28,9.33,9.36,-0.03,-0.32,1468552.58,1375838.036
829,600016.SH,20150806,9.3,9.48,9.28,9.36,9.33,0.03,0.32,1213309.89,1140580.803
830,600016.SH,20150805,9.36,9.49,9.32,9.33,9.45,-0.12,-1.27,1211667.43,1138806.538
831,600016.SH,20150804,9.31,9.49,9.22,9.45,9.34,0.11,1.18,1777988.8,1670010.4
832,600016.SH,20150803,9.01,9.47,8.98,9.34,9.09,0.25,2.75,2930389.79,2710127.239
833,600016.SH,20150731,9.09,9.17,8.96,9.09,9.05,0.04,0.44,1580711.38,1430602.138
834,600016.SH,20150730,9.06,9.17,8.92,9.05,9.06,-0.01,-0.11,2607644.07,2356938.357
835,600016.SH,20150729,9.08,9.1,8.94,9.06,9.11,-0.05,-0.55,2327159.15,2099998.822
836,600016.SH,20150728,8.65,9.18,8.57,9.11,8.75,0.36,4.11,4978938.0,4488798.043
837,600016.SH,20150727,9.31,9.43,8.69,8.75,9.44,-0.69,-7.31,3644544.34,3339241.155
838,600016.SH,20150724,9.64,9.64,9.43,9.44,9.65,-0.21,-2.18,4302793.96,4110407.706
839,600016.SH,20150723,9.53,9.69,9.45,9.65,9.55,0.1,1.05,3262352.28,3132739.28
840,600016.SH,20150722,9.57,9.66,9.52,9.55,9.62,-0.07,-0.73,2448144.56,2342385.551
841,600016.SH,20150721,9.68,9.75,9.57,9.62,9.73,-0.11,-1.13,2818516.8,2717841.882
842,600016.SH,20150720,9.76,9.84,9.71,9.73,9.83,-0.1,-1.02,3366685.97,3286808.706
843,600016.SH,20150717,9.88,9.93,9.71,9.83,9.8,0.03,0.31,3890650.77,3816040.187
844,600016.SH,20150716,10.05,10.05,9.7,9.8,10.05,-0.25,-2.49,4047735.36,3973577.738
845,600016.SH,20150715,9.65,10.07,9.62,10.05,9.71,0.34,3.5,7061233.54,6942933.793
846,600016.SH,20150714,9.79,9.89,9.5,9.71,10.02,-0.31,-3.09,6765824.15,6555977.658
847,600016.SH,20150713,10.0,10.35,9.79,10.02,10.41,-0.39,-3.75,9147053.34,9159635.412
848,600016.SH,20150710,10.28,11.31,9.89,10.41,10.59,-0.18,-1.7,14853459.4,15796315.313
849,600016.SH,20150709,10.19,10.98,9.69,10.59,10.19,0.4,3.93,10528695.73,10869227.525
850,600016.SH,20150708,10.05,11.16,9.66,10.19,10.73,-0.54,-5.03,16324858.15,17093279.275
851,600016.SH,20150707,9.53,10.73,9.51,10.73,9.75,0.98,10.05,16478372.59,16825612.675
852,600016.SH,20150706,9.95,9.95,9.5,9.86,9.27,0.59,6.36,12101544.83,11825239.596
853,600016.SH,20150703,9.76,9.76,8.85,9.27,9.56,-0.29,-3.03,6983876.74,6591895.131
854,600016.SH,20150702,9.67,9.78,9.15,9.56,9.56,0.0,0.0,6866770.09,6568562.55
855,600016.SH,20150701,9.75,9.88,9.5,9.56,9.94,-0.38,-3.82,6366894.11,6166608.503
856,600016.SH,20150630,9.45,10.06,9.42,9.94,9.41,0.53,5.63,9436895.05,9229600.781
857,600016.SH,20150629,9.3,9.65,8.8,9.41,9.08,0.33,3.63,9966281.94,9309568.058
858,600016.SH,20150626,9.23,9.65,8.67,9.08,9.4,-0.32,-3.4,7108734.3,6562867.866
859,600016.SH,20150625,10.08,10.13,9.35,9.4,9.81,-0.41,-4.18,7603644.29,7482524.383
860,600016.SH,20150624,9.37,9.97,9.27,9.81,9.32,0.49,5.26,8586440.17,8147663.958
861,600016.SH,20150623,9.18,9.34,8.71,9.32,9.16,0.16,1.75,7122357.11,6487833.891
862,600016.SH,20150619,9.57,9.77,9.04,9.16,9.68,-0.52,-5.37,5700389.59,5398404.69
863,600016.SH,20150618,10.1,10.14,9.63,9.68,10.2,-0.52,-5.1,6773589.14,6686074.651
864,600016.SH,20150617,10.29,10.33,10.05,10.2,10.18,0.02,0.2,6135113.56,6229125.255
865,600016.SH,20150616,10.41,10.62,10.01,10.18,10.48,-0.3,-2.86,6455048.58,6674965.031
866,600016.SH,20150615,11.04,11.1,10.4,10.48,10.99,-0.51,-4.64,6824865.43,7315319.611
867,600016.SH,20150612,10.99,11.13,10.85,10.99,10.93,0.06,0.55,6540918.3,7185094.214
868,600016.SH,20150611,11.0,11.05,10.76,10.93,11.01,-0.08,-0.73,5069656.47,5537071.657
869,600016.SH,20150610,10.8,11.19,10.69,11.01,10.86,0.15,1.38,6781878.97,7441705.24
870,600016.SH,20150609,11.15,11.25,10.72,10.86,11.1,-0.24,-2.16,7415485.81,8154038.767
871,600016.SH,20150608,10.51,11.16,10.43,11.1,10.54,0.56,5.31,10997524.95,11935195.413
872,600016.SH,20150605,10.79,10.85,10.3,10.54,10.6,-0.06,-0.57,6327049.43,6687918.79
873,600016.SH,20150604,10.45,10.82,10.0,10.6,10.43,0.17,1.63,9496624.0,9990001.354
874,600016.SH,20150603,10.48,10.56,10.27,10.43,10.51,-0.08,-0.76,3904602.18,4065165.865
875,600016.SH,20150602,10.38,10.63,10.31,10.51,10.4,0.11,1.06,4389333.62,4597187.384
876,600016.SH,20150601,10.03,10.47,9.86,10.4,10.02,0.38,3.79,4866934.37,4970260.963
877,600016.SH,20150529,10.08,10.21,9.85,10.02,10.05,-0.03,-0.3,3798192.98,3815392.605
878,600016.SH,20150528,10.69,10.72,10.0,10.05,10.69,-0.64,-5.99,4727479.29,4941371.826
879,600016.SH,20150527,10.8,10.89,10.62,10.69,10.79,-0.1,-0.93,3803061.59,4081400.103
880,600016.SH,20150526,10.79,10.83,10.63,10.79,10.78,0.01,0.09,4611050.89,4948429.082
881,600016.SH,20150525,10.68,10.8,10.63,10.78,10.63,0.15,1.41,6005674.87,6422992.116
882,600016.SH,20150522,10.46,10.66,10.35,10.63,10.38,0.25,2.41,4045644.05,4276725.919
883,600016.SH,20150521,10.51,10.53,10.21,10.38,10.34,0.04,0.39,2141002.71,2226318.945
884,600016.SH,20150520,10.3,10.55,10.25,10.34,10.27,0.07,0.68,3915186.94,4070801.589
885,600016.SH,20150519,9.97,10.34,9.95,10.27,9.97,0.3,3.01,3197535.33,3258780.91
886,600016.SH,20150518,10.12,10.27,9.94,9.97,10.18,-0.21,-2.06,2731806.87,2752405.456
887,600016.SH,20150515,10.4,10.58,10.11,10.18,10.49,-0.31,-2.96,3308477.76,3412426.416
888,600016.SH,20150514,10.42,10.69,10.41,10.49,10.41,0.08,0.77,4043360.89,4259382.076
889,600016.SH,20150513,10.63,10.73,10.36,10.41,10.6,-0.19,-1.79,3417747.32,3594496.163
890,600016.SH,20150512,10.6,10.68,10.5,10.6,10.62,-0.02,-0.19,3563495.52,3771613.813
891,600016.SH,20150511,10.4,10.65,10.29,10.62,10.61,0.01,0.09,5454064.7,5699396.245
892,600016.SH,20150508,10.83,10.91,10.36,10.61,10.75,-0.14,-1.3,4632848.62,4907527.542
893,600016.SH,20150507,10.75,10.95,10.68,10.75,10.83,-0.08,-0.74,4515387.38,4880877.362
894,600016.SH,20150506,10.77,11.06,10.65,10.83,10.6,0.23,2.17,8372764.5,9125035.025
895,600016.SH,20150505,10.84,10.84,10.48,10.6,10.83,-0.23,-2.12,5226387.85,5574787.636
896,600016.SH,20150504,10.62,10.87,10.52,10.83,10.62,0.21,1.98,4611446.56,4969835.263
897,600016.SH,20150430,10.73,10.85,10.61,10.62,10.73,-0.11,-1.03,3863260.49,4144015.772
898,600016.SH,20150429,10.9,10.9,10.65,10.73,10.9,-0.17,-1.56,4622446.96,4982746.13
899,600016.SH,20150428,10.67,11.2,10.59,10.9,10.66,0.24,2.25,9492741.19,10329677.315
900,600016.SH,20150427,10.45,10.75,10.45,10.66,10.43,0.23,2.21,5317753.6,5650597.73
901,600016.SH,20150424,10.5,10.65,10.25,10.43,10.69,-0.26,-2.43,4757427.01,4957635.826
902,600016.SH,20150423,10.87,10.96,10.58,10.69,10.87,-0.18,-1.66,5305235.03,5708919.97
903,600016.SH,20150422,10.81,10.98,10.69,10.87,10.73,0.14,1.3,6166713.88,6678754.926
904,600016.SH,20150421,10.5,10.83,10.45,10.73,10.45,0.28,2.68,4814573.42,5123569.529
905,600016.SH,20150420,11.03,11.03,10.41,10.45,10.93,-0.48,-4.39,7504789.34,8073004.571
906,600016.SH,20150417,11.24,11.26,10.88,10.93,10.99,-0.06,-0.55,7346154.36,8112002.23
907,600016.SH,20150416,10.53,11.05,10.41,10.99,10.56,0.43,4.07,8093543.31,8676408.7
908,600016.SH,20150415,10.27,10.86,10.2,10.56,10.27,0.29,2.82,8183965.3,8597960.491
909,600016.SH,20150414,10.44,10.44,10.15,10.27,10.44,-0.17,-1.63,4786802.11,4917413.931
910,600016.SH,20150413,10.48,10.58,10.32,10.44,10.28,0.16,1.56,6257407.72,6526984.917
911,600016.SH,20150410,10.05,10.33,10.0,10.28,10.05,0.23,2.29,6162952.01,6279488.76
912,600016.SH,20150409,10.13,10.37,10.01,10.05,10.12,-0.07,-0.69,6694696.72,6797889.305
913,600016.SH,20150408,9.95,10.13,9.8,10.12,9.94,0.18,1.81,7650671.89,7633788.103
914,600016.SH,20150407,9.8,9.98,9.8,9.94,9.72,0.22,2.26,5663908.68,5600265.029
915,600016.SH,20150403,9.6,9.74,9.58,9.72,9.67,0.05,0.52,3421266.8,3307749.374
916,600016.SH,20150402,9.8,9.83,9.57,9.67,9.76,-0.09,-0.92,4030859.54,3903769.641
917,600016.SH,20150401,9.68,9.85,9.62,9.76,9.7,0.06,0.62,3828346.57,3730694.006
918,600016.SH,20150331,9.9,10.05,9.58,9.7,9.79,-0.09,-0.92,6190786.06,6108713.511
919,600016.SH,20150330,9.58,9.82,9.51,9.79,9.51,0.28,2.94,6064451.04,5883942.23
920,600016.SH,20150327,9.47,9.56,9.38,9.51,9.46,0.05,0.53,3103869.84,2940919.374
921,600016.SH,20150326,9.4,9.57,9.29,9.46,9.43,0.03,0.32,3336137.04,3147912.062
922,600016.SH,20150325,9.6,9.62,9.37,9.43,9.67,-0.24,-2.48,3989502.72,3785983.394
923,600016.SH,20150324,9.74,9.83,9.63,9.67,9.76,-0.09,-0.92,4805393.71,4657713.758
924,600016.SH,20150323,9.69,9.8,9.64,9.76,9.63,0.13,1.35,4775434.0,4644250.389
925,600016.SH,20150320,9.51,9.82,9.4,9.63,9.51,0.12,1.26,5949902.85,5707678.336
926,600016.SH,20150319,9.63,9.63,9.46,9.51,9.63,-0.12,-1.25,4164051.34,3967541.58
927,600016.SH,20150318,9.45,9.64,9.41,9.63,9.44,0.19,2.01,5928457.74,5650525.295
928,600016.SH,20150317,9.44,9.5,9.33,9.44,9.39,0.05,0.53,4026113.54,3786934.102
929,600016.SH,20150316,9.33,9.45,9.21,9.39,9.33,0.06,0.64,3505467.3,3274637.841
930,600016.SH,20150313,9.37,9.63,9.28,9.33,9.38,-0.05,-0.53,4607847.63,4349992.075
931,600016.SH,20150312,9.22,9.55,9.11,9.38,9.03,0.35,3.88,6216406.99,5805733.5
932,600016.SH,20150311,9.0,9.21,9.0,9.03,9.0,0.03,0.33,2413685.97,2195296.077
933,600016.SH,20150310,9.11,9.13,8.98,9.0,9.22,-0.22,-2.39,2666236.31,2409477.944
934,600016.SH,20150309,8.76,9.31,8.65,9.22,8.76,0.46,5.25,5166471.17,4659816.955
935,600016.SH,20150306,8.74,8.84,8.71,8.76,8.75,0.01,0.11,1705610.49,1497913.166
936,600016.SH,20150305,8.9,8.94,8.66,8.75,8.96,-0.21,-2.34,2838319.1,2487481.882
937,600016.SH,20150304,9.08,9.08,8.9,8.96,9.0,-0.04,-0.44,1989284.38,1783976.042
938,600016.SH,20150303,9.19,9.2,8.99,9.0,9.24,-0.24,-2.6,3082532.13,2792812.098
939,600016.SH,20150302,9.28,9.29,9.16,9.24,9.23,0.01,0.11,2441954.9,2249752.945
940,600016.SH,20150227,9.27,9.32,9.2,9.23,9.27,-0.04,-0.43,1789200.79,1656329.922
941,600016.SH,20150226,9.1,9.3,9.03,9.27,9.13,0.14,1.53,2444812.42,2245001.513
942,600016.SH,20150225,9.25,9.25,9.05,9.13,9.24,-0.11,-1.19,1795534.61,1638341.994
943,600016.SH,20150217,9.22,9.31,9.22,9.24,9.22,0.02,0.22,1349497.57,1249718.696
944,600016.SH,20150216,9.29,9.3,9.17,9.22,9.3,-0.08,-0.86,2369740.28,2183054.056
945,600016.SH,20150213,9.29,9.43,9.24,9.3,9.3,0.0,0.0,2689851.31,2509362.217
946,600016.SH,20150212,9.35,9.36,9.15,9.3,9.35,-0.05,-0.53,1654711.03,1530808.636
947,600016.SH,20150211,9.33,9.44,9.3,9.35,9.33,0.02,0.21,1522808.81,1425179.172
948,600016.SH,20150210,9.23,9.42,9.17,9.33,9.24,0.09,0.97,2716059.1,2530272.792
949,600016.SH,20150209,9.07,9.34,9.03,9.24,9.07,0.17,1.87,2631632.09,2419981.366
950,600016.SH,20150206,9.06,9.25,8.94,9.07,9.09,-0.02,-0.22,2367366.43,2156359.757
951,600016.SH,20150205,9.52,9.6,9.07,9.09,9.14,-0.05,-0.55,4091139.37,3830298.599
952,600016.SH,20150204,9.36,9.38,9.12,9.14,9.36,-0.22,-2.35,2227220.87,2061440.7
953,600016.SH,20150203,9.2,9.39,9.14,9.36,9.17,0.19,2.07,3183301.76,2950561.566
954,600016.SH,20150202,8.86,9.36,8.85,9.17,9.47,-0.3,-3.17,6225481.29,5679591.79
955,600016.SH,20150130,9.76,9.82,9.44,9.47,9.63,-0.16,-1.66,3900643.24,3747023.46
956,600016.SH,20150129,9.74,9.78,9.57,9.63,9.94,-0.31,-3.12,3214008.4,3107153.508
957,600016.SH,20150128,10.0,10.18,9.88,9.94,10.19,-0.25,-2.45,2791041.29,2786217.38
958,600016.SH,20150127,10.49,10.52,9.9,10.19,10.49,-0.3,-2.86,4194819.83,4262981.224
959,600016.SH,20150126,10.46,10.54,10.3,10.49,10.38,0.11,1.06,4752657.61,4963831.723
960,600016.SH,20150123,10.15,10.48,10.15,10.38,10.18,0.2,1.96,5775831.51,5967115.431
961,600016.SH,20150122,9.98,10.28,9.89,10.18,9.98,0.2,2.0,5309785.54,5378543.086
962,600016.SH,20150121,9.49,10.08,9.37,9.98,9.48,0.5,5.27,6622775.35,6444686.109
963,600016.SH,20150120,9.19,9.54,9.08,9.48,9.19,0.29,3.16,6735252.63,6304153.063
964,600016.SH,20150119,9.39,9.68,9.19,9.19,10.21,-1.02,-9.99,7960883.22,7425297.886
965,600016.SH,20150116,10.23,10.35,10.08,10.21,10.23,-0.02,-0.2,5505668.87,5632437.379
966,600016.SH,20150115,9.96,10.24,9.82,10.23,9.94,0.29,2.92,4617668.09,4646087.452
967,600016.SH,20150114,9.92,10.13,9.85,9.94,9.84,0.1,1.02,3664639.64,3657445.498
968,600016.SH,20150113,9.99,10.09,9.8,9.84,9.99,-0.15,-1.5,3125742.71,3100486.614
969,600016.SH,20150112,10.19,10.3,9.75,9.99,10.2,-0.21,-2.06,5309823.99,5332598.963
970,600016.SH,20150109,10.13,10.68,10.04,10.2,10.13,0.07,0.69,7686497.87,7966614.717
971,600016.SH,20150108,10.61,10.66,10.09,10.2,10.51,-0.31,-2.95,4851684.17,4990242.054
972,600016.SH,20150107,10.28,10.61,10.2,10.51,10.42,0.09,0.86,5787045.28,6022849.057
973,600016.SH,20150106,10.7,10.8,10.28,10.42,10.78,-0.36,-3.34,8965716.53,9393248.796
974,600016.SH,20150105,10.87,10.96,10.5,10.78,10.88,-0.1,-0.92,9138873.7,9793212.378
975,600016.SH,20141231,10.71,10.95,10.46,10.88,10.78,0.1,0.93,7707193.06,8292105.694
976,600016.SH,20141230,10.77,10.98,10.52,10.78,10.73,0.05,0.47,7469308.31,8042287.238
977,600016.SH,20141229,11.1,11.54,10.49,10.73,10.9,-0.17,-1.56,11673338.94,12851677.517
978,600016.SH,20141226,10.84,11.05,10.5,10.9,10.74,0.16,1.49,11189181.3,12083848.689
979,600016.SH,20141225,10.7,11.0,10.35,10.74,10.3,0.44,4.27,9736992.72,10414744.069
980,600016.SH,20141224,10.3,10.77,9.98,10.3,10.5,-0.2,-1.9,9658850.2,9963641.793
981,600016.SH,20141223,10.15,11.1,9.94,10.5,10.51,-0.01,-0.1,11898450.67,12610958.969
982,600016.SH,20141222,9.49,10.58,9.43,10.51,9.63,0.88,9.14,19069532.73,19578635.392
983,600016.SH,20141219,9.59,9.78,9.3,9.63,9.59,0.04,0.42,10120765.52,9659526.876
984,600016.SH,20141218,9.89,9.99,9.5,9.59,9.47,0.12,1.27,16313556.24,15851773.693
985,600016.SH,20141217,8.65,9.47,8.59,9.47,8.61,0.86,9.99,23137866.18,21432939.712
986,600016.SH,20141216,8.2,8.62,8.14,8.61,8.23,0.38,4.62,7984830.73,6692107.57
987,600016.SH,20141215,8.24,8.31,8.01,8.23,8.42,-0.19,-2.26,5694863.76,4637135.906
988,600016.SH,20141212,8.55,8.75,8.31,8.42,8.61,-0.19,-2.21,5980163.62,5103560.993
989,600016.SH,20141211,8.41,8.9,8.35,8.61,8.64,-0.03,-0.35,8252880.54,7159969.013
990,600016.SH,20141210,8.39,8.75,7.96,8.64,8.33,0.31,3.72,11215431.5,9392618.131
991,600016.SH,20141209,9.05,9.5,8.32,8.33,9.24,-0.91,-9.85,13375201.07,12126954.363
992,600016.SH,20141208,9.0,9.35,8.71,9.24,9.09,0.15,1.65,13263294.32,12135130.071
993,600016.SH,20141205,9.05,9.5,8.6,9.09,8.99,0.1,1.11,16468273.08,15000566.942
994,600016.SH,20141204,8.3,9.0,8.11,8.99,8.22,0.77,9.37,14035646.78,12005710.86
995,600016.SH,20141203,8.08,8.68,8.04,8.22,7.91,0.31,3.92,18368980.69,15244499.267
996,600016.SH,20141202,7.45,7.91,7.33,7.91,7.19,0.72,10.01,14449643.0,11050961.533
997,600016.SH,20141201,7.37,7.69,7.18,7.19,7.33,-0.14,-1.91,9952781.91,7374012.162
998,600016.SH,20141128,6.78,7.35,6.76,7.33,6.75,0.58,8.59,12591342.28,8921138.128
999,600016.SH,20141127,6.75,6.85,6.67,6.75,6.7,0.05,0.75,5663735.01,3829116.777
1000,600016.SH,20141126,6.57,6.75,6.54,6.7,6.57,0.13,1.98,5486044.41,3648671.609
1001,600016.SH,20141125,6.47,6.59,6.44,6.57,6.51,0.06,0.92,3963698.61,2574781.358
1002,600016.SH,20141124,6.41,6.59,6.31,6.51,6.55,-0.04,-0.61,5236768.31,3375082.166
1003,600016.SH,20141121,6.44,6.58,6.38,6.55,6.44,0.11,1.71,2280099.76,1475529.411
1004,600016.SH,20141120,6.42,6.47,6.37,6.44,6.45,-0.01,-0.16,1613633.18,1036577.216
1005,600016.SH,20141119,6.45,6.48,6.39,6.45,6.46,-0.01,-0.15,1494413.57,961194.069
1006,600016.SH,20141118,6.58,6.59,6.42,6.46,6.58,-0.12,-1.82,2404008.87,1557987.188
1007,600016.SH,20141117,6.8,6.85,6.55,6.58,6.77,-0.19,-2.81,2834752.04,1888834.351
1008,600016.SH,20141114,6.78,6.85,6.7,6.77,6.83,-0.06,-0.88,2186644.25,1477690.935
1009,600016.SH,20141113,6.84,7.03,6.8,6.83,6.81,0.02,0.29,5108449.07,3530925.542
1010,600016.SH,20141112,6.7,6.82,6.65,6.81,6.8,0.01,0.15,3741750.94,2524230.867
1011,600016.SH,20141111,6.69,6.93,6.67,6.8,6.63,0.17,2.56,8615615.2,5868508.246
1012,600016.SH,20141110,6.75,6.9,6.5,6.63,6.34,0.29,4.57,7934234.65,5263065.561
1013,600016.SH,20141107,6.33,6.45,6.3,6.34,6.33,0.01,0.16,3078488.29,1962236.215
1014,600016.SH,20141106,6.33,6.36,6.3,6.33,6.33,0.0,0.0,1093816.92,692384.118
1015,600016.SH,20141105,6.31,6.35,6.26,6.33,6.31,0.02,0.32,1382424.56,871322.862
1016,600016.SH,20141104,6.37,6.37,6.29,6.31,6.37,-0.06,-0.94,1715819.33,1083480.036
1017,600016.SH,20141103,6.44,6.45,6.35,6.37,6.44,-0.07,-1.09,2744060.52,1752037.623
1018,600016.SH,20141031,6.3,6.54,6.27,6.44,6.27,0.17,2.71,5333273.02,3419034.847
1019,600016.SH,20141030,6.24,6.32,6.2,6.27,6.25,0.02,0.32,1885480.16,1179587.317
1020,600016.SH,20141029,6.19,6.28,6.17,6.25,6.18,0.07,1.13,1321402.58,821732.454
1021,600016.SH,20141028,6.12,6.19,6.12,6.18,6.12,0.06,0.98,929951.59,571549.681
1022,600016.SH,20141027,6.18,6.2,6.1,6.12,6.21,-0.09,-1.45,952756.02,584180.781
1023,600016.SH,20141024,6.22,6.24,6.18,6.21,6.22,-0.01,-0.16,847637.77,526213.162
1024,600016.SH,20141023,6.24,6.27,6.2,6.22,6.24,-0.02,-0.32,1023638.17,638942.377
1025,600016.SH,20141022,6.24,6.27,6.23,6.24,6.24,0.0,0.0,793011.48,495243.112
1026,600016.SH,20141021,6.3,6.3,6.23,6.24,6.3,-0.06,-0.95,740367.81,463474.586
1027,600016.SH,20141020,6.3,6.31,6.27,6.3,6.28,0.02,0.32,1111983.93,699296.202
1028,600016.SH,20141017,6.28,6.3,6.24,6.28,6.29,-0.01,-0.16,1295084.12,811120.221
1029,600016.SH,20141016,6.23,6.35,6.21,6.29,6.26,0.03,0.48,2004831.57,1260124.981
1030,600016.SH,20141015,6.27,6.31,6.21,6.26,6.25,0.01,0.16,1132102.25,708648.66
1031,600016.SH,20141014,6.24,6.3,6.23,6.25,6.26,-0.01,-0.16,1013452.27,633837.228
1032,600016.SH,20141013,6.31,6.32,6.22,6.26,6.33,-0.07,-1.11,1214748.37,759289.098
1033,600016.SH,20141010,6.38,6.39,6.31,6.33,6.42,-0.09,-1.4,1308757.36,830203.221
1034,600016.SH,20141009,6.43,6.43,6.37,6.42,6.42,0.0,0.0,1899740.85,1214740.807
1035,600016.SH,20141008,6.26,6.43,6.24,6.42,6.24,0.18,2.88,3036534.66,1923792.236
1036,600016.SH,20140930,6.24,6.25,6.21,6.24,6.24,0.0,0.0,1068221.79,665383.47
1037,600016.SH,20140929,6.23,6.25,6.22,6.24,6.23,0.01,0.16,1263437.98,787481.87
1038,600016.SH,20140926,6.24,6.25,6.19,6.23,6.25,-0.02,-0.32,912933.26,567278.662
1039,600016.SH,20140925,6.3,6.32,6.21,6.25,6.28,-0.03,-0.48,1634194.95,1023880.608
1040,600016.SH,20140924,6.18,6.3,6.16,6.28,6.2,0.08,1.29,2089609.52,1302472.083
1041,600016.SH,20140923,6.18,6.22,6.17,6.2,6.18,0.02,0.32,917664.99,568440.001
1042,600016.SH,20140922,6.29,6.3,6.16,6.18,6.31,-0.13,-2.06,1522342.95,945642.759
1043,600016.SH,20140919,6.3,6.33,6.27,6.31,6.3,0.01,0.16,1121120.75,705770.641
1044,600016.SH,20140918,6.25,6.38,6.23,6.3,6.26,0.04,0.64,1545059.06,973730.763
1045,600016.SH,20140917,6.3,6.3,6.25,6.26,6.27,-0.01,-0.16,1221431.65,766227.706
1046,600016.SH,20140916,6.32,6.35,6.25,6.27,6.31,-0.04,-0.63,1648494.87,1039333.322
1047,600016.SH,20140915,6.33,6.33,6.28,6.31,6.35,-0.04,-0.63,1123745.45,708609.516
1048,600016.SH,20140912,6.32,6.35,6.31,6.35,6.35,0.0,0.0,813361.88,514580.095
1049,600016.SH,20140911,6.32,6.41,6.31,6.35,6.33,0.02,0.32,1505959.25,956352.484
1050,600016.SH,20140910,6.38,6.38,6.32,6.33,6.4,-0.07,-1.09,967067.4,613679.214
1051,600016.SH,20140909,6.45,6.46,6.38,6.4,6.44,-0.04,-0.62,965773.75,618626.382
1052,600016.SH,20140905,6.42,6.45,6.38,6.44,6.4,0.04,0.63,1516325.26,973213.506
1053,600016.SH,20140904,6.38,6.41,6.34,6.4,6.37,0.03,0.47,1386189.69,883248.898
1054,600016.SH,20140903,6.33,6.4,6.32,6.37,6.34,0.03,0.47,1771770.3,1128969.865
1055,600016.SH,20140902,6.25,6.35,6.21,6.34,6.25,0.09,1.44,1675215.12,1050991.456
1056,600016.SH,20140901,6.24,6.27,6.19,6.25,6.26,-0.01,-0.16,1150271.59,716139.739
1057,600016.SH,20140829,6.19,6.27,6.18,6.26,6.2,0.06,0.97,707559.5,441384.571
1058,600016.SH,20140828,6.28,6.3,6.19,6.2,6.28,-0.08,-1.27,880045.79,549080.692
1059,600016.SH,20140827,6.32,6.32,6.26,6.28,6.31,-0.03,-0.48,590795.37,371573.28
1060,600016.SH,20140826,6.28,6.32,6.26,6.31,6.28,0.03,0.48,953477.18,600835.72
1061,600016.SH,20140825,6.34,6.35,6.27,6.28,6.33,-0.05,-0.79,684768.95,431255.21
1062,600016.SH,20140822,6.3,6.36,6.3,6.33,6.32,0.01,0.16,977174.79,619333.074
1063,600016.SH,20140821,6.35,6.36,6.26,6.32,6.36,-0.04,-0.63,1031522.22,650406.446
1064,600016.SH,20140820,6.39,6.39,6.34,6.36,6.4,-0.04,-0.63,785571.98,499797.497
1065,600016.SH,20140819,6.35,6.4,6.32,6.4,6.35,0.05,0.79,1393615.22,886124.902
1066,600016.SH,20140818,6.35,6.39,6.3,6.35,6.35,0.0,0.0,1138783.53,722536.454
1067,600016.SH,20140815,6.33,6.38,6.29,6.35,6.33,0.02,0.32,1124715.45,712865.931
1068,600016.SH,20140814,6.4,6.42,6.31,6.33,6.4,-0.07,-1.09,1168594.23,743412.994
1069,600016.SH,20140813,6.43,6.46,6.35,6.4,6.43,-0.03,-0.47,1002186.72,641038.208
1070,600016.SH,20140812,6.45,6.46,6.39,6.43,6.48,-0.05,-0.77,1043225.29,669669.626
1071,600016.SH,20140811,6.43,6.5,6.4,6.48,6.4,0.08,1.25,990292.93,640299.73
1072,600016.SH,20140808,6.39,6.44,6.36,6.4,6.39,0.01,0.16,861351.1,551381.095
1073,600016.SH,20140807,6.5,6.52,6.38,6.39,6.51,-0.12,-1.84,1249679.49,804497.681
1074,600016.SH,20140806,6.58,6.59,6.45,6.51,6.61,-0.1,-1.51,1505345.01,979893.225
1075,600016.SH,20140805,6.69,6.7,6.58,6.61,6.69,-0.08,-1.2,1344446.95,889559.93
1076,600016.SH,20140804,6.57,6.69,6.56,6.69,6.57,0.12,1.83,1516117.59,1006147.293
1077,600016.SH,20140801,6.63,6.7,6.57,6.57,6.65,-0.08,-1.2,1730572.22,1147927.407
1078,600016.SH,20140731,6.57,6.66,6.54,6.65,6.58,0.07,1.06,1275895.08,840303.237
1079,600016.SH,20140730,6.61,6.69,6.55,6.58,6.61,-0.03,-0.45,1554311.81,1027819.649
1080,600016.SH,20140729,6.64,6.68,6.53,6.61,6.62,-0.01,-0.15,2081905.88,1375379.023
1081,600016.SH,20140728,6.26,6.67,6.25,6.62,6.24,0.38,6.09,3981180.38,2601923.697
1082,600016.SH,20140725,6.22,6.26,6.17,6.24,6.2,0.04,0.65,1242106.28,771959.83
1083,600016.SH,20140724,6.04,6.25,6.02,6.2,6.03,0.17,2.82,2505771.58,1541968.263
1084,600016.SH,20140723,6.02,6.08,6.01,6.03,6.03,0.0,0.0,951270.5,575258.779
1085,600016.SH,20140722,5.93,6.05,5.91,6.03,5.95,0.08,1.34,1021598.6,612872.034
1086,600016.SH,20140721,6.0,6.01,5.93,5.95,6.01,-0.06,-1.0,757515.88,451284.465
1087,600016.SH,20140718,6.0,6.02,5.98,6.01,6.01,0.0,0.0,638957.74,383628.56
1088,600016.SH,20140717,6.03,6.04,5.98,6.01,6.04,-0.03,-0.5,550019.02,330220.631
1089,600016.SH,20140716,6.03,6.04,5.99,6.04,6.03,0.01,0.17,567531.3,341708.372
1090,600016.SH,20140715,6.04,6.04,6.01,6.03,6.05,-0.02,-0.33,773274.27,466083.962
1091,600016.SH,20140714,6.05,6.06,5.98,6.05,6.05,0.0,0.0,788805.71,473931.168
1092,600016.SH,20140711,6.05,6.07,6.02,6.05,6.05,0.0,0.0,517176.11,312504.304
1093,600016.SH,20140710,6.11,6.13,5.99,6.05,6.11,-0.06,-0.98,947628.21,572733.063
1094,600016.SH,20140709,6.2,6.2,6.1,6.11,6.2,-0.09,-1.45,691417.19,424826.3
1095,600016.SH,20140708,6.21,6.23,6.18,6.2,6.21,-0.01,-0.16,650374.13,403052.176
1096,600016.SH,20140707,6.23,6.23,6.2,6.21,6.23,-0.02,-0.32,394341.57,244879.052
1097,600016.SH,20140704,6.25,6.26,6.2,6.23,6.26,-0.03,-0.48,684967.9,426301.133
1098,600016.SH,20140703,6.23,6.26,6.2,6.26,6.23,0.03,0.48,672850.46,419665.707
1099,600016.SH,20140702,6.23,6.25,6.19,6.23,6.21,0.02,0.32,404278.38,251664.222
1100,600016.SH,20140701,6.25,6.25,6.2,6.21,6.21,0.0,0.0,419431.91,260924.626
1101,600016.SH,20140630,6.21,6.25,6.19,6.21,6.19,0.02,0.32,656221.58,408693.805
1102,600016.SH,20140627,6.24,6.25,6.18,6.19,6.25,-0.06,-0.96,647307.92,401388.127
1103,600016.SH,20140626,6.25,6.27,6.21,6.25,6.25,0.0,0.0,803631.87,501227.407
1104,600016.SH,20140625,6.27,6.3,6.2,6.25,6.25,0.0,0.0,411465.4,256551.064
1105,600016.SH,20140624,7.63,7.65,7.57,7.6,7.63,-0.03,-0.39,624182.32,475017.286
1106,600016.SH,20140623,7.71,7.74,7.6,7.63,7.71,-0.08,-1.04,431735.99,331359.464
1107,600016.SH,20140620,7.63,7.72,7.62,7.71,7.63,0.08,1.05,527633.4,404874.442
1108,600016.SH,20140619,7.66,7.7,7.58,7.63,7.66,-0.03,-0.39,569243.87,435308.111
1109,600016.SH,20140618,7.62,7.68,7.61,7.66,7.62,0.04,0.52,549943.32,420931.216
1110,600016.SH,20140617,7.61,7.68,7.57,7.62,7.68,-0.06,-0.78,910147.65,693303.722
1111,600016.SH,20140616,7.47,7.79,7.45,7.68,7.45,0.23,3.09,1813448.4,1383210.767
1112,600016.SH,20140613,7.33,7.56,7.33,7.45,7.34,0.11,1.5,1153828.84,859954.976
1113,600016.SH,20140612,7.38,7.39,7.31,7.34,7.38,-0.04,-0.54,639325.36,469871.569
1114,600016.SH,20140611,7.43,7.43,7.36,7.38,7.45,-0.07,-0.94,538251.67,397606.565
1115,600016.SH,20140610,7.44,7.46,7.37,7.45,7.38,0.07,0.95,700744.51,520195.979
1116,600016.SH,20140609,7.33,7.48,7.32,7.38,7.4,-0.02,-0.27,488304.0,361919.355
1117,600016.SH,20140606,7.47,7.47,7.3,7.4,7.46,-0.06,-0.8,541678.24,399247.287
1118,600016.SH,20140605,7.39,7.47,7.36,7.46,7.4,0.06,0.81,426834.01,317240.343
1119,600016.SH,20140604,7.44,7.44,7.36,7.4,7.44,-0.04,-0.54,338920.1,250370.956
1120,600016.SH,20140603,7.46,7.5,7.43,7.44,7.45,-0.01,-0.13,353225.15,263687.447
1121,600016.SH,20140530,7.42,7.5,7.4,7.45,7.42,0.03,0.4,487032.58,362849.034
1122,600016.SH,20140529,7.45,7.49,7.41,7.42,7.45,-0.03,-0.4,510826.17,381096.181
1123,600016.SH,20140528,7.44,7.48,7.37,7.45,7.44,0.01,0.13,524338.03,389088.31
1124,600016.SH,20140527,7.49,7.5,7.43,7.44,7.49,-0.05,-0.67,397163.56,296645.756
1125,600016.SH,20140526,7.49,7.53,7.46,7.49,7.46,0.03,0.4,738045.96,552391.795
1126,600016.SH,20140523,7.42,7.48,7.39,7.46,7.41,0.05,0.67,409725.13,304626.293
1127,600016.SH,20140522,7.4,7.54,7.38,7.41,7.4,0.01,0.14,557044.49,416010.865
1128,600016.SH,20140521,7.33,7.42,7.23,7.4,7.37,0.03,0.41,501039.89,369040.202
1129,600016.SH,20140520,7.46,7.47,7.34,7.37,7.42,-0.05,-0.67,649904.54,479599.605
1130,600016.SH,20140519,7.65,7.68,7.38,7.42,7.68,-0.26,-3.39,733269.95,550127.851
1131,600016.SH,20140516,7.66,7.71,7.63,7.68,7.65,0.03,0.39,467116.97,359269.032
1132,600016.SH,20140515,7.68,7.7,7.65,7.65,7.68,-0.03,-0.39,705275.55,541165.65
1133,600016.SH,20140514,7.69,7.75,7.66,7.68,7.7,-0.02,-0.26,611385.97,470772.987
1134,600016.SH,20140513,7.74,7.74,7.68,7.7,7.74,-0.04,-0.52,680978.86,525273.732
1135,600016.SH,20140512,7.69,7.79,7.64,7.74,7.65,0.09,1.18,965407.86,746742.876
1136,600016.SH,20140509,7.72,7.72,7.64,7.65,7.67,-0.02,-0.26,399273.52,306190.114
1137,600016.SH,20140508,7.7,7.8,7.66,7.67,7.7,-0.03,-0.39,468311.74,361987.918
1138,600016.SH,20140507,7.74,7.76,7.68,7.7,7.74,-0.04,-0.52,680304.09,524420.92
1139,600016.SH,20140506,7.72,7.8,7.69,7.74,7.76,-0.02,-0.26,485319.13,375579.866
1140,600016.SH,20140505,7.82,7.84,7.64,7.76,7.87,-0.11,-1.4,899945.62,695776.923
1141,600016.SH,20140430,7.9,7.98,7.86,7.87,7.93,-0.06,-0.76,748051.58,592577.674
1142,600016.SH,20140429,7.89,7.94,7.79,7.93,7.87,0.06,0.76,688260.67,541203.545
1143,600016.SH,20140428,7.85,7.93,7.75,7.87,7.82,0.05,0.64,956234.88,750984.378
1144,600016.SH,20140425,7.95,8.04,7.81,7.82,7.9,-0.08,-1.01,1113248.87,880417.333
1145,600016.SH,20140424,7.9,8.05,7.88,7.9,7.93,-0.03,-0.38,796434.93,634121.188
1146,600016.SH,20140423,7.9,7.96,7.84,7.93,7.95,-0.02,-0.25,1487762.46,1178305.671
1147,600016.SH,20140422,7.7,7.99,7.7,7.95,7.71,0.24,3.11,1105405.59,864315.335
1148,600016.SH,20140421,7.77,7.85,7.71,7.71,7.86,-0.15,-1.91,841981.05,656395.701
1149,600016.SH,20140418,7.74,7.9,7.62,7.86,7.8,0.06,0.77,1563296.72,1209953.483
1150,600016.SH,20140417,7.85,7.87,7.71,7.8,7.8,0.0,0.0,606891.51,472415.194
1151,600016.SH,20140416,7.8,7.92,7.75,7.8,7.83,-0.03,-0.38,694992.4,543341.666
1152,600016.SH,20140415,8.0,8.03,7.81,7.83,8.02,-0.19,-2.37,821893.76,647084.872
1153,600016.SH,20140414,8.05,8.09,7.98,8.02,8.06,-0.04,-0.5,463374.44,371374.834
1154,600016.SH,20140411,8.02,8.15,7.97,8.06,8.1,-0.04,-0.49,1218822.09,980694.267
1155,600016.SH,20140410,8.05,8.21,7.97,8.1,8.05,0.05,0.62,1480661.37,1195925.815
1156,600016.SH,20140409,8.14,8.16,8.03,8.05,8.14,-0.09,-1.11,934901.76,756605.735
1157,600016.SH,20140408,7.8,8.24,7.78,8.14,7.77,0.37,4.76,2871185.75,2313961.555
1158,600016.SH,20140404,7.63,7.81,7.61,7.77,7.69,0.08,1.04,591063.64,457184.199
1159,600016.SH,20140403,7.81,7.89,7.67,7.69,7.79,-0.1,-1.28,1031131.56,802065.713
1160,600016.SH,20140402,7.63,7.81,7.59,7.79,7.64,0.15,1.96,1041191.33,803364.358
1161,600016.SH,20140401,7.66,7.71,7.57,7.64,7.66,-0.02,-0.26,782761.84,597294.76
1162,600016.SH,20140331,7.71,7.84,7.55,7.66,7.85,-0.19,-2.42,1472067.03,1125465.555
1163,600016.SH,20140328,7.8,7.99,7.73,7.85,7.82,0.03,0.38,1554526.41,1224562.831
1164,600016.SH,20140327,7.53,8.04,7.48,7.82,7.55,0.27,3.58,2278291.07,1776324.359
1165,600016.SH,20140326,7.53,7.57,7.48,7.55,7.52,0.03,0.4,379583.4,285728.749
1166,600016.SH,20140325,7.62,7.67,7.48,7.52,7.62,-0.1,-1.31,795227.72,600820.783
1167,600016.SH,20140324,7.57,7.75,7.5,7.62,7.56,0.06,0.79,1434861.56,1096737.945
1168,600016.SH,20140321,7.16,7.6,7.14,7.56,7.2,0.36,5.0,1810183.28,1342391.938
1169,600016.SH,20140320,7.18,7.38,7.18,7.2,7.23,-0.03,-0.41,735410.93,535097.476
1170,600016.SH,20140319,7.33,7.33,7.13,7.23,7.38,-0.15,-2.03,997000.04,717461.791
1171,600016.SH,20140318,7.52,7.55,7.34,7.38,7.51,-0.13,-1.73,900947.41,668973.828
1172,600016.SH,20140317,7.6,7.64,7.42,7.51,7.54,-0.03,-0.4,596080.51,447211.68
1173,600016.SH,20140314,7.61,7.76,7.49,7.54,7.63,-0.09,-1.18,1065622.88,810856.003
1174,600016.SH,20140313,7.65,7.85,7.59,7.63,7.55,0.08,1.06,1261993.38,974105.067
1175,600016.SH,20140312,7.43,7.67,7.37,7.55,7.46,0.09,1.21,1051159.49,792369.424
1176,600016.SH,20140311,7.41,7.63,7.41,7.46,7.45,0.01,0.13,841532.41,630306.759
1177,600016.SH,20140310,7.7,7.7,7.44,7.45,7.76,-0.31,-3.99,1107243.09,836592.762
1178,600016.SH,20140307,7.72,7.98,7.71,7.76,7.75,0.01,0.13,1503295.24,1179076.844
1179,600016.SH,20140306,7.54,7.83,7.51,7.75,7.54,0.21,2.79,1521293.38,1173884.527
1180,600016.SH,20140305,7.74,7.83,7.53,7.54,7.72,-0.18,-2.33,1135925.36,869299.04
1181,600016.SH,20140304,7.41,7.83,7.38,7.72,7.47,0.25,3.35,1320758.56,1000205.936
1182,600016.SH,20140303,7.48,7.51,7.36,7.47,7.53,-0.06,-0.8,853200.46,633754.549
1183,600016.SH,20140228,7.49,7.64,7.34,7.53,7.58,-0.05,-0.66,1210841.28,908170.7
1184,600016.SH,20140227,7.35,7.7,7.26,7.58,7.33,0.25,3.41,1879610.7,1410160.272
1185,600016.SH,20140226,7.21,7.4,7.2,7.33,7.3,0.03,0.41,1113120.02,813049.652
1186,600016.SH,20140225,7.39,7.49,7.25,7.3,7.42,-0.12,-1.62,858454.25,633399.71
1187,600016.SH,20140224,7.58,7.58,7.31,7.42,7.67,-0.25,-3.26,1211920.51,898079.832
1188,600016.SH,20140221,7.82,7.89,7.6,7.67,7.8,-0.13,-1.67,922397.41,709848.378
1189,600016.SH,20140220,8.02,8.18,7.79,7.8,8.0,-0.2,-2.5,1494485.42,1193464.56
1190,600016.SH,20140219,7.73,8.12,7.73,8.0,7.74,0.26,3.36,1728702.39,1372539.527
1191,600016.SH,20140218,7.8,7.85,7.7,7.74,7.85,-0.11,-1.4,904861.7,702085.81
1192,600016.SH,20140217,8.01,8.07,7.79,7.85,7.99,-0.14,-1.75,1366506.56,1073312.181
1193,600016.SH,20140214,8.05,8.07,7.93,7.99,8.07,-0.08,-0.99,1075632.8,859629.909
1194,600016.SH,20140213,7.76,8.24,7.7,8.07,7.76,0.31,3.99,3242105.73,2595551.514
1195,600016.SH,20140212,7.63,7.91,7.63,7.76,7.63,0.13,1.7,2331108.7,1814737.622
1196,600016.SH,20140211,7.37,7.74,7.32,7.63,7.37,0.26,3.53,2239355.74,1703312.772
1197,600016.SH,20140210,7.3,7.4,7.25,7.37,7.25,0.12,1.66,990104.37,726592.701
1198,600016.SH,20140207,7.26,7.29,7.18,7.25,7.34,-0.09,-1.23,671317.08,485423.054
1199,600016.SH,20140130,7.35,7.41,7.31,7.34,7.38,-0.04,-0.54,744642.86,548243.914
1200,600016.SH,20140129,7.2,7.42,7.16,7.38,7.19,0.19,2.64,1250086.85,917888.421
1201,600016.SH,20140128,7.07,7.2,7.06,7.19,7.05,0.14,1.99,948763.7,677471.853
1202,600016.SH,20140127,7.0,7.09,6.92,7.05,7.06,-0.01,-0.14,882969.52,620036.664
1203,600016.SH,20140124,7.02,7.1,6.98,7.06,7.05,0.01,0.14,750059.76,529057.932
1204,600016.SH,20140123,7.15,7.15,7.03,7.05,7.15,-0.1,-1.4,850766.09,601415.327
1205,600016.SH,20140122,7.0,7.17,6.97,7.15,7.0,0.15,2.14,910565.33,646539.592
1206,600016.SH,20140121,6.95,7.04,6.93,7.0,6.95,0.05,0.72,657961.12,459347.856
1207,600016.SH,20140120,7.04,7.04,6.9,6.95,7.06,-0.11,-1.56,955860.58,664174.909
1208,600016.SH,20140117,7.22,7.22,7.06,7.06,7.24,-0.18,-2.49,936402.14,664912.435
1209,600016.SH,20140116,7.31,7.31,7.23,7.24,7.28,-0.04,-0.55,593448.33,431063.875
1210,600016.SH,20140115,7.32,7.33,7.26,7.28,7.33,-0.05,-0.68,467419.59,340548.57
1211,600016.SH,20140114,7.3,7.36,7.26,7.33,7.3,0.03,0.41,543824.85,397312.858
1212,600016.SH,20140113,7.33,7.37,7.25,7.3,7.34,-0.04,-0.55,720691.88,525818.201
1213,600016.SH,20140110,7.29,7.37,7.25,7.34,7.31,0.03,0.41,713264.89,522497.383
1214,600016.SH,20140109,7.31,7.38,7.28,7.31,7.33,-0.02,-0.27,741212.39,543153.675
1215,600016.SH,20140108,7.3,7.4,7.25,7.33,7.31,0.02,0.27,946597.15,692994.483
1216,600016.SH,20140107,7.32,7.37,7.24,7.31,7.39,-0.08,-1.08,771191.77,563210.018
1217,600016.SH,20140106,7.61,7.62,7.35,7.39,7.61,-0.22,-2.89,1180705.22,876942.192
1218,600016.SH,20140103,7.68,7.7,7.54,7.61,7.73,-0.12,-1.55,866470.34,658704.805
1219,600016.SH,20140102,7.67,7.75,7.65,7.73,7.72,0.01,0.13,942405.93,725969.878
1220,600016.SH,20131231,7.53,7.76,7.5,7.72,7.57,0.15,1.98,1536379.21,1176802.686
1221,600016.SH,20131230,7.69,7.71,7.56,7.57,7.67,-0.1,-1.3,1178427.3,894205.066
1222,600016.SH,20131227,7.59,7.72,7.57,7.67,7.57,0.1,1.32,1072401.84,822762.277
1223,600016.SH,20131226,7.65,7.66,7.57,7.57,7.67,-0.1,-1.3,817541.89,620859.232
1224,600016.SH,20131225,7.66,7.68,7.58,7.67,7.67,0.0,0.0,771090.62,587753.81
1225,600016.SH,20131224,7.67,7.73,7.56,7.67,7.67,0.0,0.0,1020771.42,781673.832
1226,600016.SH,20131223,7.74,7.76,7.6,7.67,7.78,-0.11,-1.41,1165561.7,894706.215
1227,600016.SH,20131220,7.9,7.91,7.64,7.78,7.88,-0.1,-1.27,1753109.75,1357350.402
1228,600016.SH,20131219,8.15,8.15,7.82,7.88,8.11,-0.23,-2.84,1808621.95,1439823.921
1229,600016.SH,20131218,8.12,8.17,8.08,8.11,8.13,-0.02,-0.25,731137.48,593414.924
1230,600016.SH,20131217,8.21,8.22,8.1,8.13,8.18,-0.05,-0.61,876387.53,715363.655
1231,600016.SH,20131216,8.29,8.31,8.17,8.18,8.27,-0.09,-1.09,809467.3,665912.142
1232,600016.SH,20131213,8.25,8.31,8.2,8.27,8.28,-0.01,-0.12,894300.58,737469.736
1233,600016.SH,20131212,8.3,8.36,8.24,8.28,8.32,-0.04,-0.48,881368.66,731051.912
1234,600016.SH,20131211,8.41,8.43,8.3,8.32,8.47,-0.15,-1.77,1338750.78,1118421.461
1235,600016.SH,20131210,8.52,8.53,8.45,8.47,8.49,-0.02,-0.24,1328859.44,1125206.794
1236,600016.SH,20131209,8.58,8.58,8.46,8.49,8.55,-0.06,-0.7,1018044.87,864968.28
1237,600016.SH,20131206,8.55,8.56,8.5,8.55,8.56,-0.01,-0.12,825151.06,703597.755
1238,600016.SH,20131205,8.59,8.62,8.54,8.56,8.61,-0.05,-0.58,934693.43,800572.24
1239,600016.SH,20131204,8.55,8.7,8.52,8.61,8.58,0.03,0.35,1597256.45,1376455.902
1240,600016.SH,20131203,8.67,8.67,8.51,8.58,8.66,-0.08,-0.92,1384505.12,1185968.376
1241,600016.SH,20131202,8.58,8.76,8.51,8.66,8.59,0.07,0.81,2710468.44,2345693.156
1242,600016.SH,20131129,8.63,8.66,8.58,8.59,8.58,0.01,0.12,735973.65,633866.387
1243,600016.SH,20131128,8.56,8.67,8.52,8.58,8.54,0.04,0.47,981997.12,844201.266
1244,600016.SH,20131127,8.47,8.6,8.45,8.54,8.47,0.07,0.83,1213296.84,1033778.102
1245,600016.SH,20131126,8.51,8.55,8.47,8.47,8.51,-0.04,-0.47,858070.22,729060.395
1246,600016.SH,20131125,8.51,8.62,8.46,8.51,8.56,-0.05,-0.58,803159.1,686323.737
1247,600016.SH,20131122,8.64,8.64,8.55,8.56,8.58,-0.02,-0.23,999551.11,858479.013
1248,600016.SH,20131121,8.68,8.68,8.45,8.58,8.73,-0.15,-1.72,1649945.58,1407080.509
1249,600016.SH,20131120,8.81,8.85,8.65,8.73,8.73,0.0,0.0,1231005.77,1073343.291
1250,600016.SH,20131119,8.86,8.86,8.7,8.73,8.9,-0.17,-1.91,1581081.0,1384335.895
1251,600016.SH,20131118,8.68,8.95,8.48,8.9,8.63,0.27,3.13,2890627.34,2523099.257
1252,600016.SH,20131115,8.54,8.75,8.46,8.63,8.54,0.09,1.05,1414204.09,1222939.639
1253,600016.SH,20131114,8.51,8.59,8.3,8.54,8.55,-0.01,-0.12,1294647.7,1091274.405
1254,600016.SH,20131113,8.81,8.83,8.49,8.55,8.94,-0.39,-4.36,1547204.19,1330519.63
1255,600016.SH,20131112,8.9,8.98,8.85,8.94,8.87,0.07,0.79,795611.45,709537.286
1256,600016.SH,20131111,8.78,8.88,8.72,8.87,8.77,0.1,1.14,985798.71,864875.459
1257,600016.SH,20131108,8.89,8.94,8.77,8.77,8.93,-0.16,-1.79,805633.61,712759.296
1258,600016.SH,20131107,8.9,8.96,8.82,8.93,8.9,0.03,0.34,699114.86,621997.104
1259,600016.SH,20131106,8.99,8.99,8.88,8.9,9.07,-0.17,-1.87,1090106.74,971237.25
1260,600016.SH,20131105,9.08,9.11,8.89,9.07,9.14,-0.07,-0.77,951540.16,856604.26
1261,600016.SH,20131104,9.26,9.35,9.1,9.14,9.17,-0.03,-0.33,723339.8,663715.291
1262,600016.SH,20131101,8.99,9.21,8.94,9.17,8.96,0.21,2.34,1360158.91,1236837.867
1263,600016.SH,20131031,9.02,9.02,8.84,8.96,9.18,-0.22,-2.4,1568442.06,1403487.87
1264,600016.SH,20131030,9.18,9.22,9.02,9.18,9.15,0.03,0.33,1074969.43,983078.717
1265,600016.SH,20131029,8.89,9.33,8.89,9.15,8.88,0.27,3.04,2251084.49,2059042.105
1266,600016.SH,20131028,8.97,8.98,8.76,8.88,8.98,-0.1,-1.11,899331.73,795537.567
1267,600016.SH,20131025,8.91,9.13,8.87,8.98,8.91,0.07,0.79,1873567.46,1683887.227
1268,600016.SH,20131024,9.02,9.08,8.89,8.91,9.07,-0.16,-1.76,1155866.01,1036376.71
1269,600016.SH,20131023,9.08,9.29,8.91,9.07,9.0,0.07,0.78,1650285.14,1505375.385
1270,600016.SH,20131022,9.15,9.15,8.96,9.0,9.19,-0.19,-2.07,1129272.83,1018310.286
1271,600016.SH,20131021,9.14,9.22,9.0,9.19,9.13,0.06,0.66,970522.64,884834.787
1272,600016.SH,20131018,9.1,9.24,9.04,9.13,9.08,0.05,0.55,1193264.38,1091729.206
1273,600016.SH,20131017,9.21,9.25,9.05,9.08,9.15,-0.07,-0.77,968704.72,882064.51
1274,600016.SH,20131016,9.29,9.3,9.11,9.15,9.32,-0.17,-1.82,1081588.86,990962.536
1275,600016.SH,20131015,9.47,9.49,9.28,9.32,9.46,-0.14,-1.48,892809.69,834719.064
1276,600016.SH,20131014,9.65,9.69,9.42,9.46,9.69,-0.23,-2.37,1107781.52,1049261.818
1277,600016.SH,20131011,9.6,9.78,9.46,9.69,9.5,0.19,2.0,1425670.34,1373395.508
1278,600016.SH,20131010,9.84,9.84,9.5,9.5,9.75,-0.25,-2.56,869185.3,837717.3
1279,600016.SH,20131009,9.61,9.89,9.55,9.75,9.64,0.11,1.14,1162156.5,1133816.346
1280,600016.SH,20131008,9.5,9.7,9.32,9.64,9.56,0.08,0.84,1096871.46,1044182.074
1281,600016.SH,20130930,9.58,9.58,9.4,9.56,9.48,0.08,0.84,756313.25,717266.763
1282,600016.SH,20130927,9.48,9.59,9.37,9.48,9.49,-0.01,-0.11,1081971.42,1022255.725
1283,600016.SH,20130926,9.6,9.63,9.44,9.49,9.66,-0.17,-1.76,1996470.15,1900327.008
1284,600016.SH,20130925,9.75,9.94,9.55,9.66,9.73,-0.07,-0.72,1302751.51,1268852.17
1285,600016.SH,20130924,10.18,10.18,9.66,9.73,10.15,-0.42,-4.14,1971459.28,1934357.6
1286,600016.SH,20130923,10.19,10.26,10.01,10.15,10.16,-0.01,-0.1,2035463.1,2063126.414
1287,600016.SH,20130918,10.17,10.36,9.9,10.16,10.25,-0.09,-0.88,2090669.42,2110211.636
1288,600016.SH,20130917,10.55,10.88,10.15,10.25,10.18,0.07,0.69,4691307.85,4879507.703
1289,600016.SH,20130916,9.92,10.46,9.55,10.18,9.84,0.34,3.46,3733543.97,3730227.865
1290,600016.SH,20130913,10.08,10.13,9.73,9.84,10.24,-0.4,-3.91,2362847.21,2336317.094
1291,600016.SH,20130912,10.0,10.5,9.86,10.24,10.0,0.24,2.4,2934118.48,2999735.838
1292,600016.SH,20130911,10.08,10.41,9.97,10.0,10.06,-0.06,-0.6,1898722.12,1929192.245
1293,600016.SH,20130910,10.13,10.14,9.8,10.06,10.04,0.02,0.2,2413976.78,2405077.732
1294,600016.SH,20130909,9.5,10.32,9.5,10.2,9.42,0.78,8.28,4103420.26,4103041.687
1295,600016.SH,20130906,9.35,9.5,9.3,9.42,9.36,0.06,0.64,1225268.94,1151479.57
1296,600016.SH,20130905,9.36,9.42,9.26,9.36,9.34,0.02,0.21,597069.51,558713.59
1297,600016.SH,20130904,9.33,9.53,9.3,9.34,9.31,0.03,0.32,1398833.81,1316549.23
1298,600016.SH,20130903,9.21,9.45,9.16,9.31,9.11,0.2,2.2,1725918.63,1610673.638
1299,600016.SH,20130902,9.14,9.27,9.04,9.11,9.03,0.08,0.89,1203860.17,1099548.958
1300,600016.SH,20130830,9.12,9.18,8.96,9.03,9.12,-0.09,-0.99,1212581.5,1096749.445
1301,600016.SH,20130829,9.25,9.3,9.06,9.12,9.14,-0.02,-0.22,759388.74,694831.191
1302,600016.SH,20130828,9.15,9.24,9.0,9.14,9.26,-0.12,-1.3,877858.14,801778.209
1303,600016.SH,20130827,9.31,9.43,9.18,9.26,9.33,-0.07,-0.75,829323.85,769466.124
1304,600016.SH,20130826,9.16,9.44,9.09,9.33,9.16,0.17,1.86,1116640.17,1038947.605
1305,600016.SH,20130823,9.4,9.45,9.0,9.16,9.3,-0.14,-1.51,1092189.2,1002647.923
1306,600016.SH,20130822,9.21,9.55,9.19,9.3,9.27,0.03,0.32,1102852.4,1034170.284
1307,600016.SH,20130821,9.46,9.46,9.16,9.27,9.36,-0.09,-0.96,916713.4,848416.063
1308,600016.SH,20130820,9.35,9.65,9.23,9.36,9.38,-0.02,-0.21,1862794.05,1760269.226
1309,600016.SH,20130819,8.9,9.47,8.88,9.38,9.02,0.36,3.99,2096466.97,1928567.904
1310,600016.SH,20130816,8.88,9.78,8.7,9.02,8.89,0.13,1.46,3238750.36,2976145.969
1311,600016.SH,20130815,9.01,9.2,8.87,8.89,9.02,-0.13,-1.44,993661.77,896898.418
1312,600016.SH,20130814,9.05,9.34,8.99,9.02,9.05,-0.03,-0.33,1668428.03,1525361.761
1313,600016.SH,20130813,8.89,9.1,8.84,9.05,8.89,0.16,1.8,1847174.64,1661043.939
1314,600016.SH,20130812,8.45,8.95,8.45,8.89,8.42,0.47,5.58,2418632.15,2116199.826
1315,600016.SH,20130809,8.55,8.6,8.28,8.42,8.49,-0.07,-0.82,788792.27,664781.042
1316,600016.SH,20130808,8.5,8.64,8.46,8.49,8.54,-0.05,-0.59,704464.16,600214.74
1317,600016.SH,20130807,8.46,8.75,8.43,8.54,8.49,0.05,0.59,1132491.91,974719.845
1318,600016.SH,20130806,8.45,8.57,8.34,8.49,8.5,-0.01,-0.12,950227.93,802282.871
1319,600016.SH,20130805,8.45,8.51,8.34,8.5,8.42,0.08,0.95,795361.76,671812.542
1320,600016.SH,20130802,8.61,8.7,8.36,8.42,8.46,-0.04,-0.47,906937.57,772459.003
1321,600016.SH,20130801,8.39,8.51,8.3,8.46,8.28,0.18,2.17,973482.5,819839.522
1322,600016.SH,20130731,8.4,8.61,8.24,8.28,8.27,0.01,0.12,678696.74,567301.496
1323,600016.SH,20130730,8.17,8.49,8.15,8.27,8.15,0.12,1.47,857681.99,713654.909
1324,600016.SH,20130729,8.28,8.28,8.09,8.15,8.4,-0.25,-2.98,1059552.14,865574.131
1325,600016.SH,20130726,8.39,8.46,8.32,8.4,8.4,0.0,0.0,914471.77,768523.482
1326,600016.SH,20130725,8.5,8.62,8.37,8.4,8.47,-0.07,-0.83,698824.99,591833.997
1327,600016.SH,20130724,8.54,8.62,8.37,8.47,8.64,-0.17,-1.97,1220924.45,1030897.618
1328,600016.SH,20130723,8.45,8.85,8.34,8.64,8.42,0.22,2.61,1325145.8,1145735.77
1329,600016.SH,20130722,8.25,8.45,8.05,8.42,8.41,0.01,0.12,1255728.55,1040285.685
1330,600016.SH,20130719,8.73,8.78,8.4,8.41,8.73,-0.32,-3.67,1822878.74,1551078.984
1331,600016.SH,20130718,9.0,9.06,8.67,8.73,9.04,-0.31,-3.43,1426444.04,1252190.713
1332,600016.SH,20130717,9.15,9.25,9.02,9.04,9.19,-0.15,-1.63,806898.3,735162.379
1333,600016.SH,20130716,9.1,9.19,9.0,9.19,9.16,0.03,0.33,1034616.03,939063.285
1334,600016.SH,20130715,9.16,9.41,9.0,9.16,9.11,0.05,0.55,1451737.36,1330815.2
1335,600016.SH,20130712,9.4,9.51,8.94,9.11,9.45,-0.34,-3.6,2208700.41,2055752.191
1336,600016.SH,20130711,8.8,9.46,8.7,9.45,8.6,0.85,9.88,3268502.34,3015889.766
1337,600016.SH,20130710,8.39,8.64,8.35,8.6,8.4,0.2,2.38,940822.29,800031.97
1338,600016.SH,20130709,8.39,8.45,8.35,8.4,8.39,0.01,0.12,579160.87,486648.792
1339,600016.SH,20130708,8.38,8.49,8.25,8.39,8.49,-0.1,-1.18,1011547.09,847658.311
1340,600016.SH,20130705,8.45,8.57,8.43,8.49,8.48,0.01,0.12,964511.45,819301.778
1341,600016.SH,20130704,8.35,8.58,8.28,8.48,8.44,0.04,0.47,1120738.58,942882.866
1342,600016.SH,20130703,8.4,8.47,8.23,8.44,8.48,-0.04,-0.47,1387298.2,1155464.583
1343,600016.SH,20130702,8.56,8.6,8.32,8.48,8.59,-0.11,-1.28,1464253.73,1232894.099
1344,600016.SH,20130701,8.49,8.65,8.36,8.59,8.57,0.02,0.23,1337095.91,1134213.107
1345,600016.SH,20130628,8.14,8.65,8.1,8.57,8.21,0.36,4.38,2346163.96,1983292.41
1346,600016.SH,20130627,8.15,8.32,8.07,8.21,8.15,0.06,0.74,1714027.45,1398738.561
1347,600016.SH,20130626,8.45,8.45,8.01,8.3,8.44,-0.14,-1.66,3024264.17,2471894.891
1348,600016.SH,20130625,8.23,8.5,7.66,8.44,8.51,-0.07,-0.82,3891021.9,3113881.802
1349,600016.SH,20130624,9.33,9.34,8.51,8.51,9.45,-0.94,-9.95,2490918.25,2158574.103
1350,600016.SH,20130621,9.08,9.49,8.88,9.45,9.29,0.16,1.72,1848572.33,1706800.805
1351,600016.SH,20130620,9.7,9.7,9.12,9.29,9.75,-0.46,-4.72,1525272.6,1426264.176
1352,600016.SH,20130619,9.88,9.88,9.69,9.75,9.95,-0.2,-2.01,1022334.8,996460.032
1353,600016.SH,20130618,9.94,10.07,9.91,9.95,9.91,0.04,0.4,931144.98,929560.029
1354,600016.SH,20130617,10.01,10.07,9.87,9.91,9.96,-0.05,-0.5,993364.61,987183.348
1355,600016.SH,20130614,9.89,10.0,9.84,9.96,9.88,0.08,0.81,1081418.5,1074710.817
1356,600016.SH,20130613,9.8,9.9,9.51,9.88,9.99,-0.11,-1.1,1891157.68,1847932.644
1357,600016.SH,20130607,10.0,10.07,9.95,9.99,10.0,-0.01,-0.1,1206660.61,1205667.481
1358,600016.SH,20130606,10.06,10.08,9.88,10.0,10.1,-0.1,-0.99,1365852.91,1361001.741
1359,600016.SH,20130605,10.26,10.26,10.06,10.1,10.28,-0.18,-1.75,1177712.17,1194975.576
1360,600016.SH,20130604,10.35,10.41,10.23,10.28,10.38,-0.1,-0.96,935572.3,962647.92
1361,600016.SH,20130603,10.49,10.54,10.29,10.38,10.46,-0.08,-0.76,1155496.99,1202285.705
1362,600016.SH,20130531,10.52,10.57,10.33,10.46,10.51,-0.05,-0.48,1496158.75,1561438.614
1363,600016.SH,20130530,10.6,10.66,10.46,10.51,10.63,-0.12,-1.13,1069782.14,1127817.771
1364,600016.SH,20130529,10.74,10.87,10.61,10.63,10.74,-0.11,-1.02,1181415.36,1268836.222
1365,600016.SH,20130528,10.44,10.76,10.35,10.74,10.45,0.29,2.78,1561790.23,1647485.473
1366,600016.SH,20130527,10.4,10.5,10.35,10.45,10.43,0.02,0.19,821579.97,858378.43
1367,600016.SH,20130524,10.47,10.64,10.35,10.43,10.41,0.02,0.19,1069086.06,1118294.975
1368,600016.SH,20130523,10.58,10.67,10.38,10.41,10.64,-0.23,-2.16,1324961.17,1391197.696
1369,600016.SH,20130522,10.63,10.73,10.56,10.64,10.66,-0.02,-0.19,966684.55,1029298.311
1370,600016.SH,20130521,10.7,10.76,10.53,10.66,10.72,-0.06,-0.56,1245007.65,1325884.031
1371,600016.SH,20130520,10.55,10.92,10.43,10.72,10.48,0.24,2.29,2242458.35,2402745.182
1372,600016.SH,20130517,10.4,10.54,10.29,10.48,10.45,0.03,0.29,1798538.24,1874681.362
1373,600016.SH,20130516,10.1,10.47,9.98,10.45,10.14,0.31,3.06,2172814.03,2232269.686
1374,600016.SH,20130515,10.13,10.24,10.07,10.14,10.11,0.03,0.3,747920.94,757073.359
1375,600016.SH,20130514,10.22,10.26,10.05,10.11,10.29,-0.18,-1.75,1121169.65,1135994.57
1376,600016.SH,20130513,10.38,10.43,10.23,10.29,10.36,-0.07,-0.68,866398.66,892525.524
1377,600016.SH,20130510,10.35,10.52,10.29,10.36,10.35,0.01,0.1,1018035.98,1057218.893
1378,600016.SH,20130509,10.35,10.39,10.16,10.35,10.37,-0.02,-0.19,1274780.31,1311093.526
1379,600016.SH,20130508,10.45,10.6,10.27,10.37,10.35,0.02,0.19,1857669.25,1941947.402
1380,600016.SH,20130507,10.25,10.36,10.13,10.35,10.27,0.08,0.78,1204258.06,1234112.795
1381,600016.SH,20130506,10.25,10.48,10.22,10.27,10.23,0.04,0.39,1506020.81,1557263.119
1382,600016.SH,20130503,10.02,10.5,10.01,10.23,10.0,0.23,2.3,2333700.51,2402462.134
1383,600016.SH,20130502,9.72,10.0,9.55,10.0,9.82,0.18,1.83,1251456.97,1223750.995
1384,600016.SH,20130426,9.97,10.07,9.73,9.82,9.93,-0.11,-1.11,955303.52,948186.791
1385,600016.SH,20130425,10.01,10.1,9.81,9.93,10.13,-0.2,-1.97,1378816.91,1371449.38
1386,600016.SH,20130424,9.75,10.29,9.67,10.13,9.76,0.37,3.79,1819140.84,1818043.243
1387,600016.SH,20130423,10.29,10.32,9.75,9.76,10.24,-0.48,-4.69,1952151.69,1933690.368
1388,600016.SH,20130422,10.0,10.36,9.95,10.24,10.11,0.13,1.29,2489254.96,2538537.613
1389,600016.SH,20130419,9.35,10.17,9.31,10.11,9.35,0.76,8.13,3575762.01,3510119.896
1390,600016.SH,20130418,9.05,9.44,8.93,9.35,9.25,0.1,1.08,2195404.1,2015434.345
1391,600016.SH,20130417,9.4,9.46,9.09,9.25,9.52,-0.27,-2.84,2058162.64,1901909.95
1392,600016.SH,20130416,9.58,9.6,9.0,9.52,9.65,-0.13,-1.35,2751674.96,2561219.484
1393,600016.SH,20130415,9.57,9.69,9.56,9.65,9.6,0.05,0.52,1219615.88,1175505.156
1394,600016.SH,20130412,9.66,9.72,9.58,9.6,9.65,-0.05,-0.52,1426401.67,1378710.622
1395,600016.SH,20130411,9.74,9.77,9.64,9.65,9.64,0.01,0.1,1124041.2,1088158.032
1396,600016.SH,20130410,9.68,9.73,9.52,9.64,9.7,-0.06,-0.62,1235674.18,1188576.136
1397,600016.SH,20130409,9.62,9.79,9.61,9.7,9.59,0.11,1.15,1385878.56,1345625.33
1398,600016.SH,20130408,9.38,9.64,9.31,9.59,9.68,-0.09,-0.93,1426093.32,1353360.949
1399,600016.SH,20130403,9.65,9.79,9.61,9.68,9.63,0.05,0.52,1359900.61,1317085.216
1400,600016.SH,20130402,9.68,9.82,9.51,9.63,9.68,-0.05,-0.52,1864566.06,1799371.562
1401,600016.SH,20130401,9.55,9.75,9.49,9.68,9.64,0.04,0.41,1901271.87,1837078.447
1402,600016.SH,20130329,9.56,9.71,9.32,9.64,9.62,0.02,0.21,4106473.93,3882163.648
1403,600016.SH,20130328,9.9,9.93,9.5,9.62,10.55,-0.93,-8.82,6174293.57,5971726.867
1404,600016.SH,20130327,10.51,10.79,10.39,10.55,10.5,0.05,0.48,2163128.46,2290762.176
1405,600016.SH,20130326,10.92,10.96,10.41,10.5,11.0,-0.5,-4.55,2875502.56,3041949.362
1406,600016.SH,20130325,10.98,11.22,10.95,11.0,10.9,0.1,0.92,2246822.66,2491383.233
1407,600016.SH,20130322,10.91,11.05,10.83,10.9,10.94,-0.04,-0.37,1494854.94,1637021.79
1408,600016.SH,20130321,11.0,11.1,10.8,10.94,11.0,-0.06,-0.55,2471245.48,2706084.133
1409,600016.SH,20130320,10.32,11.01,10.32,11.0,10.31,0.69,6.69,4391066.51,4719516.862
1410,600016.SH,20130319,10.05,10.36,9.98,10.31,10.05,0.26,2.59,2278351.52,2320414.469
1411,600016.SH,20130318,9.95,10.2,9.84,10.05,9.99,0.06,0.6,2225408.75,2240078.971
1412,600016.SH,20130315,9.8,10.44,9.72,9.99,9.86,0.13,1.32,3751680.09,3790462.991
1413,600016.SH,20130314,9.76,10.04,9.65,9.86,9.78,0.08,0.82,2760411.07,2725832.577
1414,600016.SH,20130313,9.77,9.93,9.72,9.78,9.74,0.04,0.41,2431765.36,2388775.25
1415,600016.SH,20130312,10.19,10.28,9.55,9.74,10.22,-0.48,-4.7,4079495.57,4014155.948
1416,600016.SH,20130311,10.5,10.53,10.14,10.22,10.56,-0.34,-3.22,2322645.68,2396112.738
1417,600016.SH,20130308,10.4,10.69,10.3,10.56,10.39,0.17,1.64,3299095.81,3478504.04
1418,600016.SH,20130307,10.45,10.72,10.15,10.39,10.55,-0.16,-1.52,3937260.38,4120533.992
1419,600016.SH,20130306,10.25,10.75,10.11,10.55,10.2,0.35,3.43,4841170.26,5073197.432
1420,600016.SH,20130305,9.5,10.23,9.49,10.2,9.49,0.71,7.48,3939785.03,3894429.304
1421,600016.SH,20130304,9.87,9.87,9.4,9.49,10.18,-0.69,-6.78,3814552.72,3668424.637
1422,600016.SH,20130301,10.33,10.4,9.95,10.18,10.36,-0.18,-1.74,3740318.88,3811471.354
1423,600016.SH,20130228,9.99,10.38,9.72,10.36,9.83,0.53,5.39,4723259.89,4763104.661
1424,600016.SH,20130227,9.68,9.97,9.64,9.83,9.66,0.17,1.76,3681806.0,3610826.665
1425,600016.SH,20130226,9.46,10.1,9.37,9.66,9.6,0.06,0.63,6763760.92,6654008.065
1426,600016.SH,20130225,9.58,9.77,9.48,9.6,9.5,0.1,1.05,3541461.05,3406278.818
1427,600016.SH,20130222,9.77,9.81,9.43,9.5,9.77,-0.27,-2.76,3910871.84,3763630.454
1428,600016.SH,20130221,10.34,10.34,9.61,9.77,10.39,-0.62,-5.97,5853609.81,5791433.711
1429,600016.SH,20130220,10.56,10.56,10.14,10.39,10.54,-0.15,-1.42,3514816.61,3626361.182
1430,600016.SH,20130219,10.39,10.64,10.34,10.54,10.42,0.12,1.15,3106417.65,3261308.205
1431,600016.SH,20130218,10.67,10.75,10.38,10.42,10.52,-0.1,-0.95,3517129.69,3714770.826
1432,600016.SH,20130208,10.88,10.99,10.44,10.52,11.0,-0.48,-4.36,5746559.5,6118021.898
1433,600016.SH,20130207,11.65,11.66,10.75,11.0,11.7,-0.7,-5.98,5723842.51,6342382.644
1434,600016.SH,20130206,11.69,11.91,11.43,11.7,11.71,-0.01,-0.09,2478624.96,2891281.404
1435,600016.SH,20130205,11.37,11.73,11.34,11.71,11.53,0.18,1.56,3469472.17,4018491.033
1436,600016.SH,20130204,11.23,11.86,11.2,11.53,11.23,0.3,2.67,5124779.93,5885585.573
1437,600016.SH,20130201,10.25,11.28,10.18,11.23,10.31,0.92,8.92,3626704.64,3895720.853
1438,600016.SH,20130131,10.36,10.43,10.15,10.31,10.36,-0.05,-0.48,1729067.84,1776599.23
1439,600016.SH,20130130,10.27,10.4,10.11,10.36,10.26,0.1,0.97,2416397.86,2479537.545
1440,600016.SH,20130129,10.03,10.5,9.9,10.26,10.0,0.26,2.6,3610632.1,3679056.974
1441,600016.SH,20130128,9.34,10.05,9.34,10.0,9.33,0.67,7.18,3158323.81,3085896.195
1442,600016.SH,20130125,9.28,9.36,9.16,9.33,9.3,0.03,0.32,1300798.17,1206325.05
1443,600016.SH,20130124,9.2,9.57,9.11,9.3,9.2,0.1,1.09,3049051.81,2856003.334
1444,600016.SH,20130123,8.81,9.21,8.79,9.2,8.88,0.32,3.6,2033633.07,1825155.445
1445,600016.SH,20130122,8.96,9.11,8.75,8.88,9.01,-0.13,-1.44,2490606.01,2235043.364
1446,600016.SH,20130121,8.8,9.02,8.68,9.01,8.78,0.23,2.62,2058678.82,1818235.142
1447,600016.SH,20130118,8.51,8.85,8.51,8.78,8.45,0.33,3.91,1735348.81,1512898.51
1448,600016.SH,20130117,8.5,8.54,8.36,8.45,8.54,-0.09,-1.05,1205265.19,1018838.292
1449,600016.SH,20130116,8.57,8.6,8.33,8.54,8.6,-0.06,-0.7,1356542.62,1153615.661
1450,600016.SH,20130115,8.54,8.63,8.47,8.6,8.55,0.05,0.58,1409390.98,1206861.852
1451,600016.SH,20130114,7.99,8.56,7.96,8.55,8.01,0.54,6.74,2502161.83,2087180.961
1452,600016.SH,20130111,8.15,8.21,7.97,8.01,8.13,-0.12,-1.48,1741207.75,1408533.119
1453,600016.SH,20130110,8.17,8.31,8.08,8.13,8.18,-0.05,-0.61,1261977.35,1035333.932
1454,600016.SH,20130109,8.15,8.27,8.09,8.18,8.19,-0.01,-0.12,1289603.87,1053599.765
1455,600016.SH,20130108,8.34,8.35,8.1,8.19,8.32,-0.13,-1.56,1514305.52,1242015.269
1456,600016.SH,20130107,7.94,8.35,7.93,8.32,7.98,0.34,4.26,2101507.95,1718001.229
1457,600016.SH,20130104,8.1,8.17,7.82,7.98,7.86,0.12,1.53,2851528.31,2283631.881
1458,600016.SH,20121231,7.71,7.88,7.7,7.86,7.7,0.16,2.08,2165764.36,1688135.687
1459,600016.SH,20121228,7.63,7.75,7.58,7.7,7.64,0.06,0.79,1491188.25,1144263.077
1460,600016.SH,20121227,7.75,7.83,7.5,7.64,7.75,-0.11,-1.42,2418879.97,1851557.932
1461,600016.SH,20121226,7.76,7.77,7.63,7.75,7.75,0.0,0.0,1529763.78,1178801.387
1462,600016.SH,20121225,7.35,7.85,7.33,7.75,7.4,0.35,4.73,2424668.61,1863290.937
1463,600016.SH,20121224,7.34,7.54,7.33,7.4,7.33,0.07,0.96,1470241.77,1094176.578
1464,600016.SH,20121221,7.44,7.45,7.26,7.33,7.43,-0.1,-1.35,2135133.3,1565215.399
1465,600016.SH,20121220,7.45,7.5,7.34,7.43,7.51,-0.08,-1.07,2193122.4,1624182.256
1466,600016.SH,20121219,7.52,7.65,7.42,7.51,7.52,-0.01,-0.13,1885521.32,1412961.782
1467,600016.SH,20121218,7.47,7.72,7.4,7.52,7.5,0.02,0.27,2320548.58,1758920.743
1468,600016.SH,20121217,7.53,7.7,7.38,7.5,7.47,0.03,0.4,2453481.9,1845136.869
1469,600016.SH,20121214,6.88,7.51,6.88,7.47,6.89,0.58,8.42,3618456.56,2599630.198
1470,600016.SH,20121213,6.99,6.99,6.88,6.89,7.01,-0.12,-1.71,2224246.28,1538593.658
1471,600016.SH,20121212,6.89,7.02,6.86,7.01,6.9,0.11,1.59,2261223.82,1567158.577
1472,600016.SH,20121211,6.99,7.04,6.86,6.9,7.02,-0.12,-1.71,2009255.78,1403832.831
1473,600016.SH,20121210,6.87,7.07,6.82,7.02,6.85,0.17,2.48,2174794.95,1507717.056
1474,600016.SH,20121207,6.62,6.85,6.58,6.85,6.59,0.26,3.95,2053273.63,1386471.292
1475,600016.SH,20121206,6.56,6.62,6.53,6.59,6.56,0.03,0.46,890736.17,586409.289
1476,600016.SH,20121205,6.29,6.62,6.28,6.56,6.28,0.28,4.46,2729251.35,1779779.059
1477,600016.SH,20121204,6.18,6.3,6.17,6.28,6.19,0.09,1.45,844999.96,528654.158
1478,600016.SH,20121203,6.29,6.3,6.19,6.19,6.29,-0.1,-1.59,851343.41,531498.903
1479,600016.SH,20121130,6.24,6.3,6.24,6.29,6.26,0.03,0.48,766591.62,481125.86
1480,600016.SH,20121129,6.28,6.29,6.24,6.26,6.27,-0.01,-0.16,899098.64,563936.076
1481,600016.SH,20121128,6.18,6.28,6.18,6.27,6.22,0.05,0.8,1009683.44,630775.986
1482,600016.SH,20121127,6.14,6.23,6.13,6.22,6.14,0.08,1.3,1179246.28,731972.686
1483,600016.SH,20121126,6.1,6.15,6.08,6.14,6.1,0.04,0.66,501629.49,306662.225
1484,600016.SH,20121123,6.14,6.17,6.1,6.1,6.13,-0.03,-0.49,963438.63,591372.107
1485,600016.SH,20121122,6.09,6.13,6.07,6.13,6.11,0.02,0.33,453783.58,276698.25
1486,600016.SH,20121121,6.07,6.12,6.05,6.11,6.07,0.04,0.66,632763.07,385078.935
1487,600016.SH,20121120,6.1,6.13,6.06,6.07,6.09,-0.02,-0.33,379828.1,231432.846
1488,600016.SH,20121119,6.08,6.13,6.06,6.09,6.09,0.0,0.0,916975.53,559100.112
1489,600016.SH,20121116,6.11,6.12,6.08,6.09,6.13,-0.04,-0.65,739028.8,450634.927
1490,600016.SH,20121115,6.13,6.16,6.09,6.13,6.15,-0.02,-0.33,626956.0,383810.593
1491,600016.SH,20121114,6.12,6.2,6.11,6.15,6.14,0.01,0.16,697008.68,429752.698
1492,600016.SH,20121113,6.22,6.23,6.08,6.14,6.23,-0.09,-1.44,806719.24,495110.22
1493,600016.SH,20121112,6.11,6.24,6.11,6.23,6.11,0.12,1.96,1150071.7,710095.724
1494,600016.SH,20121109,6.1,6.15,6.08,6.11,6.1,0.01,0.16,516849.71,316115.536
1495,600016.SH,20121108,6.1,6.15,6.08,6.1,6.16,-0.06,-0.97,929936.51,568180.121
1496,600016.SH,20121107,6.14,6.17,6.09,6.16,6.15,0.01,0.16,895402.07,548660.923
1497,600016.SH,20121106,6.15,6.16,6.09,6.15,6.15,0.0,0.0,731328.58,447637.462
1498,600016.SH,20121105,6.1,6.17,6.08,6.15,6.1,0.05,0.82,757545.49,464889.06
1499,600016.SH,20121102,6.03,6.1,6.03,6.1,6.03,0.07,1.16,642373.61,390318.655
1500,600016.SH,20121101,6.02,6.15,6.01,6.03,6.02,0.01,0.17,1604316.22,976304.534
1501,600016.SH,20121031,5.98,6.05,5.93,6.02,5.96,0.06,1.01,804802.93,483582.301
1502,600016.SH,20121030,6.02,6.06,5.95,5.96,6.03,-0.07,-1.16,785293.03,470737.484
1503,600016.SH,20121029,5.96,6.06,5.94,6.03,5.98,0.05,0.84,697473.53,419287.177
1504,600016.SH,20121026,5.98,6.0,5.91,5.98,5.97,0.01,0.17,929883.22,553908.175
1505,600016.SH,20121025,5.96,5.99,5.93,5.97,5.96,0.01,0.17,662872.57,395627.995
1506,600016.SH,20121024,6.0,6.04,5.96,5.96,6.02,-0.06,-1.0,714524.46,428293.074
1507,600016.SH,20121023,6.09,6.12,6.02,6.02,6.09,-0.07,-1.15,850071.47,516359.283
1508,600016.SH,20121022,5.97,6.09,5.96,6.09,6.0,0.09,1.5,1103669.53,666012.023
1509,600016.SH,20121019,5.95,6.0,5.94,6.0,5.96,0.04,0.67,952754.11,570207.455
1510,600016.SH,20121018,5.86,5.98,5.84,5.96,5.85,0.11,1.88,1128244.42,669186.797
1511,600016.SH,20121017,5.84,5.86,5.81,5.85,5.83,0.02,0.34,866038.07,505550.177
1512,600016.SH,20121016,5.78,5.84,5.76,5.83,5.78,0.05,0.87,695173.88,404252.577
1513,600016.SH,20121015,5.8,5.81,5.74,5.78,5.78,0.0,0.0,382560.77,220684.518
1514,600016.SH,20121012,5.74,5.82,5.74,5.78,5.73,0.05,0.87,721736.83,417648.937
1515,600016.SH,20121011,5.7,5.74,5.65,5.73,5.71,0.02,0.35,509046.56,290267.277
1516,600016.SH,20121010,5.74,5.77,5.69,5.71,5.74,-0.03,-0.52,517421.0,295875.332
1517,600016.SH,20121009,5.65,5.77,5.65,5.74,5.62,0.12,2.14,881168.09,504939.119
1518,600016.SH,20121008,5.63,5.68,5.58,5.62,5.65,-0.03,-0.53,543197.9,305955.997
1519,600016.SH,20120928,5.55,5.67,5.51,5.65,5.6,0.05,0.89,775481.07,433353.829
1520,600016.SH,20120927,5.49,5.8,5.44,5.6,5.47,0.13,2.38,826943.69,462647.934
1521,600016.SH,20120926,5.47,5.51,5.43,5.47,5.49,-0.02,-0.36,251434.24,137624.133
1522,600016.SH,20120925,5.51,5.54,5.48,5.49,5.53,-0.04,-0.72,288622.97,158921.596
1523,600016.SH,20120924,5.45,5.53,5.42,5.53,5.49,0.04,0.73,659011.25,360108.796
1524,600016.SH,20120921,5.45,5.52,5.42,5.49,5.47,0.02,0.37,492957.82,270369.561
1525,600016.SH,20120920,5.5,5.51,5.45,5.47,5.52,-0.05,-0.91,602475.5,330486.453
1526,600016.SH,20120919,5.54,5.56,5.5,5.52,5.54,-0.02,-0.36,424017.91,233970.785
1527,600016.SH,20120918,5.61,5.63,5.5,5.54,5.65,-0.11,-1.95,604518.57,336324.662
1528,600016.SH,20120917,5.72,5.72,5.65,5.65,5.74,-0.09,-1.57,447518.14,254415.437
1529,600016.SH,20120914,5.71,5.76,5.65,5.74,5.67,0.07,1.23,622352.42,355729.671
1530,600016.SH,20120913,5.69,5.71,5.65,5.67,5.72,-0.05,-0.87,420664.06,238996.224
1531,600016.SH,20120912,5.76,5.78,5.67,5.72,5.74,-0.02,-0.35,528967.18,302340.776
1532,600016.SH,20120911,5.73,5.74,5.67,5.74,5.76,-0.02,-0.35,420642.42,239876.253
1533,600016.SH,20120910,5.82,5.84,5.72,5.76,5.83,-0.07,-1.2,1017744.61,585456.215
1534,600016.SH,20120907,5.66,5.89,5.65,5.83,5.68,0.15,2.64,1762899.69,1020580.411
1535,600016.SH,20120906,5.5,5.69,5.44,5.68,5.47,0.21,3.84,2346838.65,1307072.137
1536,600016.SH,20120905,5.67,5.67,5.39,5.47,5.68,-0.21,-3.7,2299464.46,1257106.507
1537,600016.SH,20120904,5.78,5.81,5.65,5.68,5.78,-0.1,-1.73,1064039.82,607962.073
1538,600016.SH,20120903,5.83,5.85,5.78,5.78,5.82,-0.04,-0.69,651111.51,378490.91
1539,600016.SH,20120831,5.99,6.01,5.96,5.97,6.0,-0.03,-0.5,505337.99,302451.502
1540,600016.SH,20120830,5.95,6.03,5.94,6.0,5.98,0.02,0.33,864677.42,519001.894
1541,600016.SH,20120829,5.95,6.0,5.93,5.98,5.96,0.02,0.34,511702.33,305682.397
1542,600016.SH,20120828,5.86,5.97,5.85,5.96,5.85,0.11,1.88,599975.86,355181.584
1543,600016.SH,20120827,5.87,5.91,5.83,5.85,5.87,-0.02,-0.34,629928.35,369654.584
1544,600016.SH,20120824,5.9,5.9,5.85,5.87,5.88,-0.01,-0.17,575272.47,337841.037
1545,600016.SH,20120823,5.86,5.91,5.81,5.88,5.85,0.03,0.51,517623.37,303731.888
1546,600016.SH,20120822,5.9,5.9,5.82,5.85,5.91,-0.06,-1.02,605552.66,354588.53
1547,600016.SH,20120821,5.91,5.94,5.88,5.91,5.92,-0.01,-0.17,478284.21,282428.002
1548,600016.SH,20120820,5.93,5.95,5.86,5.92,5.97,-0.05,-0.84,308811.11,181990.573
1549,600016.SH,20120817,5.93,5.99,5.92,5.97,5.93,0.04,0.67,451896.45,268942.64
1550,600016.SH,20120816,5.95,5.96,5.91,5.93,5.95,-0.02,-0.34,318379.09,188958.984
1551,600016.SH,20120815,6.06,6.08,5.93,5.95,6.07,-0.12,-1.98,545417.43,326303.575
1552,600016.SH,20120814,6.05,6.1,6.04,6.07,6.05,0.02,0.33,406067.97,246268.914
1553,600016.SH,20120813,6.06,6.09,6.03,6.05,6.06,-0.01,-0.17,561612.53,340486.118
1554,600016.SH,20120810,6.07,6.13,6.04,6.06,6.03,0.03,0.5,708406.91,431373.228
1555,600016.SH,20120809,6.02,6.04,5.99,6.03,6.02,0.01,0.17,364253.24,219164.497
1556,600016.SH,20120808,6.0,6.06,5.99,6.02,5.98,0.04,0.67,538812.88,324756.089
1557,600016.SH,20120807,5.99,6.01,5.97,5.98,6.0,-0.02,-0.33,429391.18,257148.602
1558,600016.SH,20120806,6.0,6.03,5.97,6.0,5.99,0.01,0.17,622375.34,372966.031
1559,600016.SH,20120803,6.03,6.04,5.97,5.99,6.02,-0.03,-0.5,413576.27,247982.107
1560,600016.SH,20120802,6.0,6.04,5.99,6.02,6.01,0.01,0.17,600438.96,360892.283
1561,600016.SH,20120801,6.01,6.07,5.96,6.01,6.01,0.0,0.0,600403.58,360565.253
1562,600016.SH,20120731,5.93,6.02,5.92,6.01,5.9,0.11,1.86,1147189.93,687224.431
1563,600016.SH,20120730,5.86,5.96,5.86,5.9,5.85,0.05,0.85,792982.93,469784.552
1564,600016.SH,20120727,5.79,5.94,5.77,5.85,5.77,0.08,1.39,798379.53,468251.746
1565,600016.SH,20120726,5.82,5.82,5.72,5.77,5.8,-0.03,-0.52,525899.0,303147.037
1566,600016.SH,20120725,5.8,5.85,5.79,5.8,5.8,0.0,0.0,392746.04,228177.385
1567,600016.SH,20120724,5.8,5.87,5.79,5.8,5.82,-0.02,-0.34,520401.68,302628.972
1568,600016.SH,20120723,5.87,5.87,5.8,5.82,5.92,-0.1,-1.69,635163.36,370288.65
1569,600016.SH,20120720,5.93,5.95,5.9,5.92,5.95,-0.03,-0.5,406000.09,240234.532
1570,600016.SH,20120719,5.95,5.98,5.88,5.95,5.96,-0.01,-0.17,655548.11,389620.096
1571,600016.SH,20120718,6.02,6.02,5.88,5.96,6.01,-0.05,-0.83,641803.39,381513.454
1572,600016.SH,20120717,5.93,6.02,5.93,6.01,5.94,0.07,1.18,711007.32,426454.161
1573,600016.SH,20120716,5.99,6.0,5.91,5.94,5.97,-0.03,-0.5,676147.64,402660.279
1574,600016.SH,20120713,5.89,6.03,5.89,5.97,5.89,0.08,1.36,690057.15,411372.599
1575,600016.SH,20120712,5.87,5.95,5.8,5.89,5.88,0.01,0.17,916548.04,537131.919
1576,600016.SH,20120711,5.87,5.91,5.84,5.88,5.87,0.01,0.17,513381.41,301962.197
1577,600016.SH,20120710,5.85,5.9,5.84,5.87,5.85,0.02,0.34,552359.54,324336.515
1578,600016.SH,20120709,6.01,6.05,5.81,5.85,6.04,-0.19,-3.15,1203806.77,713560.822
1579,600016.SH,20120706,5.98,6.06,5.92,6.04,6.08,-0.04,-0.66,1141767.69,684213.32
1580,600016.SH,20120705,6.08,6.1,6.04,6.08,6.1,-0.02,-0.33,500207.83,303495.319
1581,600016.SH,20120704,6.08,6.15,6.05,6.1,6.05,0.05,0.83,702655.85,428750.039
1582,600016.SH,20120703,5.98,6.13,5.96,6.05,5.98,0.07,1.17,875099.53,530653.758
1583,600016.SH,20120702,6.01,6.02,5.93,5.98,5.99,-0.01,-0.17,593995.67,354751.021
1584,600016.SH,20120629,5.89,6.02,5.88,5.99,5.87,0.12,2.04,1017440.92,607708.201
1585,600016.SH,20120628,5.9,5.92,5.83,5.87,5.91,-0.04,-0.68,623507.91,365752.449
1586,600016.SH,20120627,5.97,6.01,5.87,5.91,5.97,-0.06,-1.01,732171.12,434191.954
1587,600016.SH,20120626,5.96,6.01,5.94,5.97,5.96,0.01,0.17,692514.67,413714.024
1588,600016.SH,20120625,6.2,6.3,6.2,6.26,6.24,0.02,0.32,1451282.84,909893.383
1589,600016.SH,20120621,6.28,6.28,6.18,6.24,6.27,-0.03,-0.48,668008.02,415379.808
1590,600016.SH,20120620,6.22,6.32,6.21,6.27,6.21,0.06,0.97,940873.64,590924.727
1591,600016.SH,20120619,6.15,6.24,6.13,6.21,6.14,0.07,1.14,1118667.08,691496.341
1592,600016.SH,20120618,6.18,6.19,6.11,6.14,6.01,0.13,2.16,1251525.53,769259.152
1593,600016.SH,20120614,6.09,6.09,5.99,6.01,6.1,-0.09,-1.48,808711.67,488490.33
1594,600016.SH,20120613,6.05,6.11,6.02,6.1,6.03,0.07,1.16,802426.79,487440.396
1595,600016.SH,20120612,6.06,6.08,5.98,6.03,6.05,-0.02,-0.33,1146365.54,690534.811
1596,600016.SH,20120611,6.1,6.11,6.02,6.05,6.08,-0.03,-0.49,1145111.63,694715.924
1597,600016.SH,20120608,6.3,6.3,6.04,6.08,6.31,-0.23,-3.65,2672993.83,1630720.911
1598,600016.SH,20120607,6.35,6.38,6.28,6.31,6.29,0.02,0.32,683979.56,432317.564
1599,600016.SH,20120606,6.24,6.34,6.24,6.29,6.24,0.05,0.8,734186.76,461977.169
1600,600016.SH,20120605,6.19,6.28,6.13,6.24,6.16,0.08,1.3,984060.19,611414.895
1601,600016.SH,20120604,6.28,6.29,6.15,6.16,6.34,-0.18,-2.84,1170216.19,729094.463
1602,600016.SH,20120601,6.37,6.41,6.33,6.34,6.37,-0.03,-0.47,857920.39,545354.337
1603,600016.SH,20120531,6.37,6.4,6.35,6.37,6.42,-0.05,-0.78,636592.15,405909.715
1604,600016.SH,20120530,6.46,6.46,6.35,6.42,6.47,-0.05,-0.77,1113676.79,711903.354
1605,600016.SH,20120529,6.4,6.49,6.34,6.47,6.4,0.07,1.09,1151474.84,738332.453
1606,600016.SH,20120528,6.32,6.41,6.29,6.4,6.33,0.07,1.11,1060066.94,673434.823
1607,600016.SH,20120525,6.41,6.42,6.28,6.33,6.4,-0.07,-1.09,1295672.6,820637.379
1608,600016.SH,20120524,6.55,6.56,6.36,6.4,6.55,-0.15,-2.29,1491430.78,962694.261
1609,600016.SH,20120523,6.63,6.64,6.52,6.55,6.64,-0.09,-1.36,707503.46,465308.493
1610,600016.SH,20120522,6.6,6.66,6.56,6.64,6.56,0.08,1.22,696640.38,460921.324
1611,600016.SH,20120521,6.48,6.59,6.48,6.56,6.5,0.06,0.92,661839.57,433091.879
1612,600016.SH,20120518,6.5,6.53,6.45,6.5,6.55,-0.05,-0.76,893058.98,579815.003
1613,600016.SH,20120517,6.46,6.59,6.44,6.55,6.46,0.09,1.39,808795.54,527294.065
1614,600016.SH,20120516,6.58,6.58,6.42,6.46,6.58,-0.12,-1.82,963802.82,626985.804
1615,600016.SH,20120515,6.6,6.62,6.53,6.58,6.62,-0.04,-0.6,959227.91,629786.631
1616,600016.SH,20120514,6.69,6.7,6.62,6.62,6.64,-0.02,-0.3,892061.17,593977.418
1617,600016.SH,20120511,6.64,6.72,6.63,6.64,6.65,-0.01,-0.15,666893.85,445406.768
1618,600016.SH,20120510,6.71,6.74,6.61,6.65,6.72,-0.07,-1.04,1046197.11,698567.016
1619,600016.SH,20120509,6.74,6.77,6.68,6.72,6.77,-0.05,-0.74,1276970.57,858097.019
1620,600016.SH,20120508,6.8,6.83,6.72,6.77,6.82,-0.05,-0.73,1439113.02,975890.686
1621,600016.SH,20120507,6.78,6.84,6.75,6.82,6.82,0.0,0.0,1297046.81,881218.55
1622,600016.SH,20120504,6.77,6.84,6.7,6.82,6.8,0.02,0.29,1701539.03,1152718.401
1623,600016.SH,20120502,6.74,6.85,6.7,6.8,6.65,0.15,2.26,2435179.65,1651386.809
1624,600016.SH,20120427,6.63,6.69,6.61,6.65,6.6,0.05,0.76,1224162.41,814439.572
1625,600016.SH,20120426,6.64,6.68,6.55,6.6,6.59,0.01,0.15,1127112.09,744097.704
1626,600016.SH,20120425,6.58,6.64,6.54,6.59,6.58,0.01,0.15,862134.66,567346.356
1627,600016.SH,20120424,6.48,6.7,6.47,6.58,6.48,0.1,1.54,2104065.57,1387249.351
1628,600016.SH,20120423,6.53,6.56,6.48,6.48,6.55,-0.07,-1.07,851220.17,554499.336
1629,600016.SH,20120420,6.44,6.55,6.43,6.55,6.45,0.1,1.55,1035365.9,674425.48
1630,600016.SH,20120419,6.42,6.48,6.41,6.45,6.44,0.01,0.16,740027.06,477392.645
1631,600016.SH,20120418,6.38,6.47,6.35,6.44,6.35,0.09,1.42,997751.26,640681.889
1632,600016.SH,20120417,6.39,6.4,6.34,6.35,6.38,-0.03,-0.47,637536.66,405797.562
1633,600016.SH,20120416,6.36,6.41,6.35,6.38,6.39,-0.01,-0.16,549665.47,350366.299
1634,600016.SH,20120413,6.4,6.41,6.35,6.39,6.39,0.0,0.0,1013401.5,646649.088
1635,600016.SH,20120412,6.24,6.4,6.22,6.39,6.25,0.14,2.24,1515957.97,958740.594
1636,600016.SH,20120411,6.21,6.27,6.19,6.25,6.18,0.07,1.13,1451650.73,904461.057
1637,600016.SH,20120409,6.25,6.26,6.17,6.18,6.28,-0.1,-1.59,693245.01,430117.618
1638,600016.SH,20120406,6.25,6.29,6.19,6.28,6.27,0.01,0.16,977210.2,609066.118
1639,600016.SH,20120405,6.21,6.3,6.16,6.27,6.27,0.0,0.0,1374545.51,857085.756
1640,600016.SH,20120330,6.13,6.28,6.13,6.27,6.12,0.15,2.45,1327627.11,825802.004
1641,600016.SH,20120329,6.18,6.19,6.08,6.12,6.19,-0.07,-1.13,1395801.92,856707.288
1642,600016.SH,20120328,6.3,6.3,6.14,6.19,6.31,-0.12,-1.9,1299505.74,808772.714
1643,600016.SH,20120327,6.34,6.37,6.27,6.31,6.3,0.01,0.16,1072473.16,676108.225
1644,600016.SH,20120323,6.3,6.35,6.26,6.3,6.27,0.03,0.48,1354795.83,853703.207
1645,600016.SH,20120322,6.21,6.33,6.19,6.27,6.2,0.07,1.13,1046750.85,654985.429
1646,600016.SH,20120321,6.24,6.26,6.17,6.2,6.2,0.0,0.0,1125666.94,699525.789
1647,600016.SH,20120320,6.31,6.33,6.2,6.2,6.33,-0.13,-2.05,1227269.19,765520.745
1648,600016.SH,20120319,6.37,6.37,6.3,6.33,6.37,-0.04,-0.63,965477.42,610554.77
1649,600016.SH,20120316,6.36,6.4,6.31,6.37,6.36,0.01,0.16,1156870.82,735037.123
1650,600016.SH,20120315,6.37,6.46,6.35,6.36,6.36,0.0,0.0,1398739.22,895466.364
1651,600016.SH,20120314,6.47,6.53,6.35,6.36,6.45,-0.09,-1.4,1991548.05,1283026.442
1652,600016.SH,20120313,6.37,6.47,6.36,6.45,6.38,0.07,1.1,958222.22,616339.972
1653,600016.SH,20120312,6.44,6.46,6.33,6.38,6.47,-0.09,-1.39,1493240.74,953119.66
1654,600016.SH,20120309,6.44,6.48,6.4,6.47,6.43,0.04,0.62,1027358.81,661137.069
1655,600016.SH,20120308,6.45,6.48,6.41,6.43,6.41,0.02,0.31,1107518.16,713403.168
1656,600016.SH,20120307,6.46,6.5,6.41,6.41,6.49,-0.08,-1.23,905631.18,584460.721
1657,600016.SH,20120306,6.59,6.6,6.48,6.49,6.6,-0.11,-1.67,1323973.53,864213.998
1658,600016.SH,20120305,6.7,6.71,6.58,6.6,6.69,-0.09,-1.35,1611217.23,1072368.03
1659,600016.SH,20120302,6.58,6.7,6.57,6.69,6.59,0.1,1.52,1666558.74,1108448.703
1660,600016.SH,20120301,6.56,6.62,6.55,6.59,6.59,0.0,0.0,746488.19,491895.278
1661,600016.SH,20120229,6.59,6.62,6.54,6.59,6.59,0.0,0.0,1148590.41,755909.923
1662,600016.SH,20120228,6.48,6.63,6.48,6.59,6.5,0.09,1.38,2032808.67,1336723.536
1663,600016.SH,20120227,6.54,6.58,6.5,6.5,6.53,-0.03,-0.46,1874099.64,1226089.53
1664,600016.SH,20120224,6.46,6.54,6.41,6.53,6.45,0.08,1.24,2110272.75,1364752.284
1665,600016.SH,20120223,6.46,6.48,6.41,6.45,6.47,-0.02,-0.31,1328259.01,855496.952
1666,600016.SH,20120222,6.46,6.49,6.39,6.47,6.47,0.0,0.0,1370905.84,882125.318
1667,600016.SH,20120221,6.47,6.5,6.38,6.47,6.47,0.0,0.0,934838.98,601557.33
1668,600016.SH,20120220,6.55,6.57,6.44,6.47,6.44,0.03,0.47,1207437.95,785612.796
1669,600016.SH,20120217,6.45,6.46,6.4,6.44,6.4,0.04,0.63,703948.19,453121.419
1670,600016.SH,20120216,6.42,6.45,6.36,6.4,6.42,-0.02,-0.31,1111731.15,712176.614
1671,600016.SH,20120215,6.39,6.48,6.37,6.42,6.41,0.01,0.16,1048014.72,673198.723
1672,600016.SH,20120214,6.41,6.42,6.35,6.41,6.42,-0.01,-0.16,929364.56,593085.616
1673,600016.SH,20120213,6.42,6.51,6.37,6.42,6.5,-0.08,-1.23,1365477.75,878230.121
1674,600016.SH,20120210,6.53,6.61,6.48,6.5,6.55,-0.05,-0.76,1271047.45,831105.365
1675,600016.SH,20120209,6.59,6.61,6.53,6.55,6.6,-0.05,-0.76,975013.38,640754.762
1676,600016.SH,20120208,6.43,6.61,6.4,6.6,6.43,0.17,2.64,1398019.69,912881.979
1677,600016.SH,20120207,6.5,6.5,6.39,6.43,6.54,-0.11,-1.68,1106494.54,712873.937
1678,600016.SH,20120206,6.55,6.62,6.49,6.54,6.55,-0.01,-0.15,1231270.23,804658.738
1679,600016.SH,20120203,6.46,6.59,6.45,6.55,6.49,0.06,0.92,1492730.63,974835.685
1680,600016.SH,20120202,6.31,6.5,6.28,6.49,6.29,0.2,3.18,1392848.82,891355.845
1681,600016.SH,20120201,6.39,6.45,6.28,6.29,6.42,-0.13,-2.02,969106.89,615890.304
1682,600016.SH,20120131,6.39,6.46,6.36,6.42,6.38,0.04,0.63,705466.31,451691.81
1683,600016.SH,20120130,6.54,6.55,6.36,6.38,6.53,-0.15,-2.3,1411601.94,910829.649
1684,600016.SH,20120120,6.5,6.55,6.4,6.53,6.44,0.09,1.4,1668807.02,1081917.516
1685,600016.SH,20120119,6.29,6.45,6.24,6.44,6.26,0.18,2.88,1669220.25,1065433.85
1686,600016.SH,20120118,6.31,6.36,6.24,6.26,6.34,-0.08,-1.26,918478.25,578363.631
1687,600016.SH,20120117,6.19,6.35,6.06,6.34,6.18,0.16,2.59,1929026.57,1200940.085
1688,600016.SH,20120116,6.19,6.27,6.16,6.18,6.23,-0.05,-0.8,751632.21,467583.621
1689,600016.SH,20120113,6.23,6.31,6.16,6.23,6.23,0.0,0.0,1348644.35,841730.867
1690,600016.SH,20120112,6.16,6.3,6.15,6.23,6.17,0.06,0.97,1356177.2,846758.328
1691,600016.SH,20120111,6.22,6.25,6.16,6.17,6.23,-0.06,-0.96,939498.07,581992.529
1692,600016.SH,20120110,6.19,6.24,6.13,6.23,6.18,0.05,0.81,1780819.07,1102145.671
1693,600016.SH,20120109,6.01,6.2,5.99,6.18,6.03,0.15,2.49,1869854.75,1143391.635
1694,600016.SH,20120106,5.97,6.06,5.94,6.03,5.97,0.06,1.01,1034427.09,619191.358
1695,600016.SH,20120105,5.86,6.06,5.85,5.97,5.86,0.11,1.88,1642406.88,983763.396
1696,600016.SH,20120104,5.95,5.96,5.85,5.86,5.89,-0.03,-0.51,705268.71,415385.326
1697,600016.SH,20111230,5.84,5.91,5.83,5.89,5.82,0.07,1.2,733563.32,430735.155
1698,600016.SH,20111229,5.8,5.86,5.78,5.82,5.82,0.0,0.0,614225.78,357152.449
1699,600016.SH,20111228,5.86,5.88,5.75,5.82,5.87,-0.05,-0.85,1155133.25,671740.854
1700,600016.SH,20111227,5.87,5.93,5.83,5.87,5.89,-0.02,-0.34,580453.42,341359.855
1701,600016.SH,20111226,5.97,5.98,5.87,5.89,6.0,-0.11,-1.83,988549.9,584971.386
1702,600016.SH,20111223,6.0,6.08,5.95,6.0,6.02,-0.02,-0.33,750277.13,451242.521
1703,600016.SH,20111222,5.99,6.05,5.9,6.02,5.98,0.04,0.67,875804.99,524445.39
1704,600016.SH,20111221,6.07,6.1,5.98,5.98,6.01,-0.03,-0.5,881290.57,532359.972
1705,600016.SH,20111220,6.03,6.12,6.0,6.01,6.03,-0.02,-0.33,799574.22,484830.41
1706,600016.SH,20111219,5.88,6.03,5.85,6.03,5.94,0.09,1.52,1195499.45,708554.1
1707,600016.SH,20111216,5.82,5.98,5.8,5.94,5.82,0.12,2.06,921978.98,541498.506
1708,600016.SH,20111215,5.88,5.94,5.81,5.82,5.91,-0.09,-1.52,935416.2,548502.069
1709,600016.SH,20111214,5.91,5.96,5.87,5.91,5.93,-0.02,-0.34,872305.9,514843.274
1710,600016.SH,20111213,6.01,6.06,5.92,5.93,6.03,-0.1,-1.66,875964.51,525397.885
1711,600016.SH,20111212,6.03,6.06,5.98,6.03,6.05,-0.02,-0.33,522056.34,314452.407
1712,600016.SH,20111209,6.1,6.14,6.02,6.05,6.13,-0.08,-1.31,609717.76,369593.185
1713,600016.SH,20111208,6.12,6.16,6.07,6.13,6.12,0.01,0.16,692698.14,423628.523
1714,600016.SH,20111207,6.06,6.15,6.04,6.12,6.05,0.07,1.16,1005728.15,614267.948
1715,600016.SH,20111206,6.03,6.09,6.0,6.05,6.05,0.0,0.0,637005.96,385493.812
1716,600016.SH,20111205,6.05,6.12,6.0,6.05,6.03,0.02,0.33,1243265.28,754953.767
1717,600016.SH,20111202,5.96,6.07,5.94,6.03,5.98,0.05,0.84,1095610.14,658394.572
1718,600016.SH,20111201,6.02,6.11,5.95,5.98,5.8,0.18,3.1,2655556.36,1603226.291
1719,600016.SH,20111130,5.9,5.93,5.77,5.8,5.94,-0.14,-2.36,959222.05,559819.865
1720,600016.SH,20111129,5.87,5.95,5.83,5.94,5.84,0.1,1.71,758552.26,447486.719
1721,600016.SH,20111128,5.85,5.87,5.81,5.84,5.82,0.02,0.34,457287.65,266869.499
1722,600016.SH,20111125,5.84,5.86,5.8,5.82,5.86,-0.04,-0.68,347867.34,202615.137
1723,600016.SH,20111124,5.79,5.92,5.78,5.86,5.82,0.04,0.69,515372.35,301631.249
1724,600016.SH,20111123,5.91,5.95,5.8,5.82,5.91,-0.09,-1.52,607890.72,355275.184
1725,600016.SH,20111122,5.82,5.94,5.81,5.91,5.85,0.06,1.03,634035.06,372641.329
1726,600016.SH,20111121,5.88,5.9,5.78,5.85,5.87,-0.02,-0.34,592289.43,344958.17
1727,600016.SH,20111118,5.86,5.93,5.84,5.87,5.9,-0.03,-0.51,716024.18,420849.463
1728,600016.SH,20111117,5.9,5.95,5.89,5.9,5.89,0.01,0.17,643139.71,380600.852
1729,600016.SH,20111116,6.02,6.04,5.87,5.89,6.03,-0.14,-2.32,1383176.19,820652.567
1730,600016.SH,20111115,6.1,6.1,6.0,6.03,6.11,-0.08,-1.31,900917.87,543416.567
1731,600016.SH,20111114,6.08,6.16,6.06,6.11,6.05,0.06,0.99,1212511.76,740686.327
1732,600016.SH,20111111,6.08,6.09,6.0,6.05,6.05,0.0,0.0,675375.35,408400.931
1733,600016.SH,20111110,6.08,6.14,6.04,6.05,6.16,-0.11,-1.79,986938.13,600347.001
1734,600016.SH,20111109,6.14,6.16,6.06,6.16,6.11,0.05,0.82,732625.81,448391.468
1735,600016.SH,20111108,6.12,6.17,6.06,6.11,6.09,0.02,0.33,990811.97,605028.801
1736,600016.SH,20111107,6.17,6.21,6.09,6.09,6.22,-0.13,-2.09,955483.71,586442.044
1737,600016.SH,20111104,6.24,6.27,6.14,6.22,6.18,0.04,0.65,1096870.77,679950.458
1738,600016.SH,20111103,6.29,6.33,6.17,6.18,6.27,-0.09,-1.44,2080263.28,1298799.813
1739,600016.SH,20111102,6.02,6.28,6.0,6.27,6.11,0.16,2.62,1886109.03,1162265.083
1740,600016.SH,20111101,6.08,6.2,6.07,6.11,6.11,0.0,0.0,1345018.54,825499.602
1741,600016.SH,20111031,6.14,6.18,6.08,6.11,6.17,-0.06,-0.97,935237.41,572760.447
1742,600016.SH,20111028,6.18,6.27,6.11,6.17,6.07,0.1,1.65,2555056.45,1580658.512
1743,600016.SH,20111027,6.0,6.09,5.96,6.07,5.97,0.1,1.68,1453755.75,877419.096
1744,600016.SH,20111026,5.99,6.06,5.95,5.97,6.0,-0.03,-0.5,2162761.86,1301775.247
1745,600016.SH,20111025,5.95,6.01,5.92,6.0,5.98,0.02,0.33,1580536.29,944907.523
1746,600016.SH,20111024,5.86,6.0,5.84,5.98,5.84,0.14,2.4,2008473.09,1192958.189
1747,600016.SH,20111021,5.75,5.91,5.7,5.84,5.73,0.11,1.92,1345380.05,786185.274
1748,600016.SH,20111020,5.77,5.82,5.65,5.73,5.79,-0.06,-1.04,1169711.54,670298.222
1749,600016.SH,20111019,5.75,5.85,5.75,5.79,5.74,0.05,0.87,816158.47,473174.384
1750,600016.SH,20111018,5.8,5.87,5.73,5.74,5.85,-0.11,-1.88,944373.48,546977.232
1751,600016.SH,20111017,5.8,5.97,5.77,5.85,5.8,0.05,0.86,1268073.68,746975.183
1752,600016.SH,20111014,5.78,5.81,5.7,5.8,5.77,0.03,0.52,972315.42,560027.624
1753,600016.SH,20111013,5.71,5.8,5.69,5.77,5.76,0.01,0.17,1218752.11,701587.781
1754,600016.SH,20111012,5.45,5.82,5.43,5.76,5.49,0.27,4.92,2310811.93,1319636.54
1755,600016.SH,20111011,5.59,5.62,5.45,5.49,5.4,0.09,1.67,1238754.37,685305.758
1756,600016.SH,20111010,5.5,5.52,5.35,5.4,5.52,-0.12,-2.17,1261963.11,681606.891
1757,600016.SH,20110930,5.62,5.68,5.47,5.52,5.61,-0.09,-1.6,1578704.61,879830.161
1758,600016.SH,20110929,5.55,5.66,5.5,5.61,5.58,0.03,0.54,1256257.99,701560.388
1759,600016.SH,20110928,5.67,5.73,5.56,5.58,5.62,-0.04,-0.71,626039.93,352863.333
1760,600016.SH,20110927,5.61,5.7,5.57,5.62,5.56,0.06,1.08,887513.04,500504.207
1761,600016.SH,20110926,5.66,5.74,5.52,5.56,5.73,-0.17,-2.97,1064784.33,599708.116
1762,600016.SH,20110923,5.64,5.73,5.6,5.73,5.72,0.01,0.17,1279771.77,723213.605
1763,600016.SH,20110922,5.87,5.9,5.68,5.72,5.93,-0.21,-3.54,1538577.06,889310.237
1764,600016.SH,20110921,5.77,5.97,5.72,5.93,5.76,0.17,2.95,1528191.15,901685.487
1765,600016.SH,20110920,5.7,5.81,5.65,5.76,5.69,0.07,1.23,765286.96,438550.366
1766,600016.SH,20110919,5.77,5.78,5.68,5.69,5.82,-0.13,-2.23,802343.68,458277.663
1767,600016.SH,20110916,5.81,5.91,5.79,5.82,5.77,0.05,0.87,787211.83,458924.643
1768,600016.SH,20110915,5.86,5.88,5.77,5.77,5.87,-0.1,-1.7,838038.49,487280.585
1769,600016.SH,20110914,5.87,5.89,5.75,5.87,5.86,0.01,0.17,865678.94,504430.295
1770,600016.SH,20110913,5.79,5.87,5.75,5.86,5.87,-0.01,-0.17,876336.55,510476.379
1771,600016.SH,20110909,5.96,6.06,5.81,5.87,5.93,-0.06,-1.01,1229710.22,728946.415
1772,600016.SH,20110908,6.03,6.04,5.92,5.93,6.0,-0.07,-1.17,724504.72,432612.014
1773,600016.SH,20110907,5.84,6.0,5.84,6.0,5.82,0.18,3.09,1240859.77,736904.791
1774,600016.SH,20110906,5.78,5.87,5.77,5.82,5.81,0.01,0.17,892782.2,520483.403
1775,600016.SH,20110905,5.81,5.85,5.75,5.81,5.86,-0.05,-0.85,987248.37,571745.491
1776,600016.SH,20110902,5.95,5.99,5.82,5.86,5.98,-0.12,-2.01,1326277.02,781603.996
1777,600016.SH,20110901,6.0,6.03,5.93,5.98,5.99,-0.01,-0.17,1209284.23,722398.32
1778,600016.SH,20110831,5.93,6.02,5.88,5.99,5.92,0.07,1.18,1627307.81,971884.977
1779,600016.SH,20110830,5.93,6.07,5.9,5.92,5.87,0.05,0.85,2319770.61,1386628.643
1780,600016.SH,20110829,5.95,5.99,5.85,5.87,6.09,-0.22,-3.61,2800772.59,1656231.679
1781,600016.SH,20110826,6.03,6.1,5.95,6.09,6.09,0.0,0.0,2626208.25,1583743.576
1782,600016.SH,20110825,5.77,6.1,5.74,6.09,5.72,0.37,6.47,4038775.29,2402836.667
1783,600016.SH,20110824,5.79,5.82,5.71,5.72,5.77,-0.05,-0.87,986386.83,569253.307
1784,600016.SH,20110823,5.64,5.82,5.56,5.77,5.59,0.18,3.22,1540692.66,883970.512
1785,600016.SH,20110822,5.63,5.69,5.55,5.59,5.65,-0.06,-1.06,912681.11,513548.126
1786,600016.SH,20110819,5.53,5.66,5.47,5.65,5.6,0.05,0.89,1421031.73,789043.216
1787,600016.SH,20110818,5.75,5.75,5.58,5.6,5.7,-0.1,-1.75,1201580.05,676413.065
1788,600016.SH,20110817,5.76,5.83,5.69,5.7,5.67,0.03,0.53,2101176.2,1207995.277
1789,600016.SH,20110816,5.62,5.77,5.61,5.67,5.61,0.06,1.07,2036821.96,1158882.329
1790,600016.SH,20110815,5.4,5.64,5.36,5.61,5.38,0.23,4.28,1871322.78,1033786.4
1791,600016.SH,20110812,5.4,5.41,5.33,5.38,5.34,0.04,0.75,829520.87,445343.208
1792,600016.SH,20110811,5.17,5.42,5.15,5.34,5.23,0.11,2.1,1256546.57,666348.246
1793,600016.SH,20110810,5.33,5.35,5.2,5.23,5.21,0.02,0.38,1035672.31,547408.184
1794,600016.SH,20110809,5.09,5.25,5.06,5.21,5.17,0.04,0.77,1433629.43,740283.966
1795,600016.SH,20110808,5.25,5.33,5.09,5.17,5.27,-0.1,-1.9,1173744.87,610911.233
1796,600016.SH,20110805,5.26,5.32,5.24,5.27,5.37,-0.1,-1.86,871834.89,459574.737
1797,600016.SH,20110804,5.38,5.42,5.33,5.37,5.36,0.01,0.19,391485.43,210696.363
1798,600016.SH,20110803,5.31,5.38,5.29,5.36,5.35,0.01,0.19,507537.98,271175.987
1799,600016.SH,20110802,5.36,5.39,5.29,5.35,5.4,-0.05,-0.93,691341.7,368645.821
1800,600016.SH,20110801,5.41,5.48,5.35,5.4,5.44,-0.04,-0.74,724832.57,393212.007
1801,600016.SH,20110729,5.34,5.54,5.26,5.44,5.32,0.12,2.26,1263893.92,682336.018
1802,600016.SH,20110728,5.39,5.39,5.29,5.32,5.44,-0.12,-2.21,1169919.24,623168.209
1803,600016.SH,20110727,5.41,5.45,5.38,5.44,5.44,0.0,0.0,631605.42,341936.849
1804,600016.SH,20110726,5.45,5.51,5.4,5.44,5.45,-0.01,-0.18,715511.03,389739.977
1805,600016.SH,20110725,5.6,5.61,5.43,5.45,5.62,-0.17,-3.02,1350353.39,744564.072
1806,600016.SH,20110722,5.65,5.66,5.6,5.62,5.63,-0.01,-0.18,544969.19,306601.086
1807,600016.SH,20110721,5.68,5.7,5.6,5.63,5.67,-0.04,-0.71,929811.37,523748.219
1808,600016.SH,20110720,5.73,5.73,5.65,5.67,5.68,-0.01,-0.18,709728.15,403139.194
1809,600016.SH,20110719,5.75,5.75,5.67,5.68,5.74,-0.06,-1.05,684581.7,389546.205
1810,600016.SH,20110718,5.8,5.83,5.73,5.74,5.79,-0.05,-0.86,524442.81,302112.2
1811,600016.SH,20110715,5.72,5.81,5.7,5.79,5.74,0.05,0.87,957598.73,553154.82
1812,600016.SH,20110714,5.74,5.76,5.7,5.74,5.74,0.0,0.0,749524.99,429733.503
1813,600016.SH,20110713,5.68,5.76,5.66,5.74,5.66,0.08,1.41,970573.49,555358.323
1814,600016.SH,20110712,5.71,5.71,5.62,5.66,5.73,-0.07,-1.22,1159989.39,656293.634
1815,600016.SH,20110711,5.74,5.75,5.69,5.73,5.77,-0.04,-0.69,820727.99,469565.82
1816,600016.SH,20110708,5.77,5.83,5.69,5.77,5.75,0.02,0.35,1382910.44,796739.322
1817,600016.SH,20110707,5.82,5.9,5.71,5.75,5.74,0.01,0.17,1683654.15,974032.848
1818,600016.SH,20110706,5.83,5.84,5.68,5.74,5.85,-0.11,-1.88,1701863.94,973441.871
1819,600016.SH,20110705,5.86,5.94,5.83,5.85,5.85,0.0,0.0,1143490.9,671790.12
1820,600016.SH,20110704,5.72,5.86,5.72,5.85,5.71,0.14,2.45,1583215.14,919071.857
1821,600016.SH,20110701,5.75,5.77,5.67,5.71,5.73,-0.02,-0.35,1166926.21,667084.553
1822,600016.SH,20110630,5.74,5.84,5.66,5.73,5.72,0.01,0.17,1394709.63,802634.896
1823,600016.SH,20110629,5.96,5.96,5.68,5.72,5.97,-0.25,-4.19,2347557.79,1356448.94
1824,600016.SH,20110628,6.0,6.04,5.93,5.97,6.03,-0.06,-1.0,805712.85,480706.08
1825,600016.SH,20110627,5.99,6.09,5.99,6.03,6.03,0.0,0.0,906598.34,547587.884
1826,600016.SH,20110624,5.86,6.05,5.84,6.03,5.87,0.16,2.73,1494385.69,891686.751
1827,600016.SH,20110623,5.78,5.89,5.77,5.87,5.8,0.07,1.21,738946.6,429102.875
1828,600016.SH,20110622,5.83,5.84,5.77,5.8,5.81,-0.01,-0.17,576092.67,333478.242
1829,600016.SH,20110621,5.81,5.85,5.76,5.81,5.79,0.02,0.35,457087.79,265326.535
1830,600016.SH,20110620,5.76,5.85,5.7,5.79,5.74,0.05,0.87,932819.03,536325.897
1831,600016.SH,20110617,5.75,5.8,5.74,5.74,5.75,-0.01,-0.17,562502.26,324640.538
1832,600016.SH,20110616,5.77,5.79,5.73,5.75,5.78,-0.03,-0.52,505959.94,291210.918
1833,600016.SH,20110615,5.8,5.83,5.74,5.78,5.81,-0.03,-0.52,505499.65,292618.229
1834,600016.SH,20110614,5.74,5.86,5.72,5.81,5.74,0.07,1.22,795357.23,463006.064
1835,600016.SH,20110613,5.6,5.76,5.59,5.74,5.63,0.11,1.95,773660.2,439536.431
1836,600016.SH,20110610,5.58,5.67,5.58,5.63,5.58,0.05,0.9,523136.16,294116.166
1837,600016.SH,20110609,5.67,5.67,5.57,5.58,5.65,-0.07,-1.24,620179.92,347493.397
1838,600016.SH,20110608,5.83,5.83,5.66,5.75,5.8,-0.05,-0.86,886158.9,506826.744
1839,600016.SH,20110607,5.76,5.81,5.73,5.8,5.76,0.04,0.69,379124.88,219073.073
1840,600016.SH,20110603,5.74,5.79,5.71,5.76,5.74,0.02,0.35,718930.14,413905.472
1841,600016.SH,20110602,5.95,5.99,5.71,5.74,5.98,-0.24,-4.01,2866745.54,1667573.994
1842,600016.SH,20110601,6.07,6.07,5.96,5.98,6.06,-0.08,-1.32,993796.46,595587.401
1843,600016.SH,20110531,5.91,6.08,5.91,6.06,5.92,0.14,2.36,1193633.22,716330.204
1844,600016.SH,20110530,5.85,5.97,5.85,5.92,5.91,0.01,0.17,766568.34,454150.605
1845,600016.SH,20110527,5.82,5.93,5.8,5.91,5.81,0.1,1.72,1231229.08,724351.23
1846,600016.SH,20110525,5.9,5.92,5.8,5.81,5.92,-0.11,-1.86,834891.42,488129.059
1847,600016.SH,20110524,5.9,5.94,5.88,5.92,5.9,0.02,0.34,774812.16,458113.233
1848,600016.SH,20110523,6.04,6.05,5.85,5.9,6.06,-0.16,-2.64,1613389.84,957600.203
1849,600016.SH,20110520,6.04,6.12,6.02,6.06,6.04,0.02,0.33,1230487.97,747020.364
1850,600016.SH,20110519,6.03,6.12,6.0,6.04,6.02,0.02,0.33,1283263.7,777661.925
1851,600016.SH,20110518,5.85,6.03,5.85,6.02,5.86,0.16,2.73,1348545.04,805554.214
1852,600016.SH,20110517,5.82,5.95,5.76,5.86,5.81,0.05,0.86,871236.72,510268.205
1853,600016.SH,20110516,5.88,5.95,5.81,5.81,5.93,-0.12,-2.02,958534.63,564456.53
1854,600016.SH,20110513,5.83,5.95,5.75,5.93,5.89,0.04,0.68,1574325.21,919266.171
1855,600016.SH,20110512,5.9,5.96,5.88,5.89,5.91,-0.02,-0.34,675818.9,399856.277
1856,600016.SH,20110511,5.92,5.97,5.9,5.91,5.93,-0.02,-0.34,654341.97,388519.785
1857,600016.SH,20110510,5.84,5.94,5.82,5.93,5.82,0.11,1.89,734200.28,433068.364
1858,600016.SH,20110509,5.87,5.93,5.78,5.82,5.86,-0.04,-0.68,1178677.81,689721.712
1859,600016.SH,20110506,6.01,6.03,5.83,5.86,6.03,-0.17,-2.82,1521388.48,903052.355
1860,600016.SH,20110505,5.97,6.04,5.95,6.03,6.18,-0.15,-2.43,2469878.53,1479660.675
1861,600016.SH,20110503,6.11,6.22,6.07,6.18,6.15,0.03,0.49,1256741.05,774022.141
1862,600016.SH,20110429,6.15,6.17,5.95,6.15,6.17,-0.02,-0.32,2120405.98,1289538.682
1863,600016.SH,20110428,6.25,6.29,6.14,6.17,6.19,-0.02,-0.32,2352946.8,1463028.339
1864,600016.SH,20110427,6.12,6.25,6.12,6.19,6.09,0.1,1.64,3438737.37,2129883.605
1865,600016.SH,20110426,6.01,6.1,6.0,6.09,6.01,0.08,1.33,1756361.1,1065934.946
1866,600016.SH,20110425,5.96,6.07,5.96,6.01,6.01,0.0,0.0,1505773.84,905894.469
1867,600016.SH,20110422,5.99,6.07,5.96,6.01,5.98,0.03,0.5,1365266.61,822392.14
1868,600016.SH,20110421,5.96,6.06,5.94,5.98,5.91,0.07,1.18,1354451.46,812739.163
1869,600016.SH,20110420,5.95,6.03,5.88,5.91,5.94,-0.03,-0.51,1570756.04,934784.252
1870,600016.SH,20110419,6.04,6.09,5.93,5.94,6.08,-0.14,-2.3,1569029.76,943507.989
1871,600016.SH,20110418,6.08,6.15,6.04,6.08,6.1,-0.02,-0.33,1442677.03,876900.347
1872,600016.SH,20110415,6.0,6.12,5.98,6.1,6.02,0.08,1.33,2258158.14,1369167.526
1873,600016.SH,20110414,6.01,6.11,5.98,6.02,5.98,0.04,0.67,2664166.59,1613056.043
1874,600016.SH,20110413,5.83,5.98,5.8,5.98,5.85,0.13,2.22,1582267.06,933129.626
1875,600016.SH,20110412,5.91,5.95,5.8,5.85,5.92,-0.07,-1.18,1702741.07,1000003.119
1876,600016.SH,20110411,5.94,6.08,5.9,5.92,5.93,-0.01,-0.17,2861256.43,1712855.496
1877,600016.SH,20110408,5.92,5.96,5.88,5.93,5.94,-0.01,-0.17,1333902.69,789744.535
1878,600016.SH,20110407,5.94,6.0,5.84,5.94,5.94,0.0,0.0,2425607.12,1439614.724
1879,600016.SH,20110406,5.81,6.03,5.81,5.94,5.81,0.13,2.24,3917246.06,2332287.309
1880,600016.SH,20110401,5.58,5.83,5.56,5.81,5.59,0.22,3.94,3042216.62,1743630.609
1881,600016.SH,20110331,5.64,5.67,5.56,5.59,5.65,-0.06,-1.06,1592674.47,892580.59
1882,600016.SH,20110330,5.63,5.74,5.57,5.65,5.63,0.02,0.36,2470878.43,1398841.474
1883,600016.SH,20110329,5.52,5.71,5.52,5.63,5.51,0.12,2.18,4264103.07,2402352.605
1884,600016.SH,20110328,5.42,5.68,5.42,5.51,5.37,0.14,2.61,3030370.55,1679277.967
1885,600016.SH,20110325,5.31,5.4,5.28,5.37,5.29,0.08,1.51,1472706.89,791293.98
1886,600016.SH,20110324,5.32,5.33,5.26,5.29,5.31,-0.02,-0.38,493694.12,261118.649
1887,600016.SH,20110323,5.26,5.35,5.25,5.31,5.28,0.03,0.57,1237290.71,656846.388
1888,600016.SH,20110322,5.18,5.3,5.14,5.28,5.16,0.12,2.33,1788335.92,934615.658
1889,600016.SH,20110321,5.19,5.22,5.14,5.16,5.17,-0.01,-0.19,951941.65,492250.067
1890,600016.SH,20110318,5.2,5.25,5.16,5.17,5.16,0.01,0.19,650853.87,338802.407
1891,600016.SH,20110317,5.18,5.2,5.15,5.16,5.23,-0.07,-1.34,783285.0,405213.024
1892,600016.SH,20110316,5.2,5.24,5.16,5.23,5.2,0.03,0.58,746410.07,388433.524
1893,600016.SH,20110315,5.26,5.27,5.13,5.2,5.27,-0.07,-1.33,1446083.3,751197.246
1894,600016.SH,20110314,5.24,5.3,5.24,5.27,5.24,0.03,0.57,697327.61,367436.654
1895,600016.SH,20110311,5.25,5.3,5.22,5.24,5.27,-0.03,-0.57,923457.86,485838.28
1896,600016.SH,20110310,5.4,5.42,5.23,5.27,5.41,-0.14,-2.59,1575454.13,837054.495
1897,600016.SH,20110309,5.41,5.47,5.39,5.41,5.39,0.02,0.37,1119263.65,607957.742
1898,600016.SH,20110308,5.42,5.47,5.36,5.39,5.42,-0.03,-0.55,1331038.87,720496.781
1899,600016.SH,20110307,5.39,5.5,5.38,5.42,5.35,0.07,1.31,2089762.42,1136200.445
1900,600016.SH,20110304,5.3,5.39,5.27,5.35,5.29,0.06,1.13,1794772.84,955162.924
1901,600016.SH,20110303,5.22,5.42,5.21,5.29,5.2,0.09,1.73,4722313.9,2519412.47
1902,600016.SH,20110302,5.13,5.26,5.11,5.2,5.15,0.05,0.97,2278388.31,1185217.984
1903,600016.SH,20110301,5.12,5.17,5.11,5.15,5.11,0.04,0.78,1224997.22,630186.641
1904,600016.SH,20110228,5.13,5.16,5.1,5.11,5.09,0.02,0.39,1257503.92,643166.417
1905,600016.SH,20110224,5.1,5.1,5.07,5.09,5.1,-0.01,-0.2,831982.54,422967.704
1906,600016.SH,20110223,5.09,5.13,5.09,5.1,5.1,0.0,0.0,706494.09,360622.484
1907,600016.SH,20110222,5.18,5.18,5.09,5.1,5.18,-0.08,-1.54,1778713.01,911342.78
1908,600016.SH,20110221,5.13,5.19,5.1,5.18,5.15,0.03,0.58,1694265.23,873961.668
1909,600016.SH,20110218,5.14,5.15,5.1,5.15,5.15,0.0,0.0,1037028.35,532341.884
1910,600016.SH,20110217,5.13,5.19,5.11,5.15,5.14,0.01,0.19,1487719.18,765765.067
1911,600016.SH,20110216,5.18,5.19,5.09,5.14,5.18,-0.04,-0.77,2661237.77,1362102.711
1912,600016.SH,20110215,5.21,5.23,5.17,5.18,5.22,-0.04,-0.77,1405541.36,730950.298
1913,600016.SH,20110214,5.11,5.22,5.11,5.22,5.11,0.11,2.15,2445825.07,1267626.414
1914,600016.SH,20110211,5.11,5.13,5.08,5.11,5.12,-0.01,-0.2,859067.9,438410.737
1915,600016.SH,20110210,5.03,5.13,5.03,5.12,5.03,0.09,1.79,1041976.87,529540.507
1916,600016.SH,20110209,5.05,5.08,5.03,5.03,5.07,-0.04,-0.79,730625.46,369123.459
1917,600016.SH,20110201,5.03,5.09,5.02,5.07,5.03,0.04,0.8,686295.09,346893.428
1918,600016.SH,20110131,4.99,5.04,4.98,5.03,4.99,0.04,0.8,954877.13,478759.482
1919,600016.SH,20110128,5.0,5.02,4.97,4.99,5.01,-0.02,-0.4,674288.61,336122.137
1920,600016.SH,20110127,4.96,5.03,4.94,5.01,4.99,0.02,0.4,1199727.95,597759.055
1921,600016.SH,20110126,4.97,5.0,4.96,4.99,4.97,0.02,0.4,561280.31,279773.931
1922,600016.SH,20110125,4.96,5.0,4.93,4.97,4.97,0.0,0.0,1032889.02,512765.877
1923,600016.SH,20110124,4.99,5.02,4.94,4.97,5.0,-0.03,-0.6,1018178.62,506200.39
1924,600016.SH,20110121,4.93,5.07,4.92,5.0,4.94,0.06,1.21,1142220.21,571341.253
1925,600016.SH,20110120,5.01,5.05,4.92,4.94,5.01,-0.07,-1.4,1115672.59,553891.744
1926,600016.SH,20110119,4.99,5.02,4.97,5.01,4.99,0.02,0.4,690668.47,344984.452
1927,600016.SH,20110118,5.0,5.02,4.97,4.99,5.01,-0.02,-0.4,893468.56,445823.089
1928,600016.SH,20110117,5.08,5.11,4.99,5.01,5.1,-0.09,-1.76,1329820.59,669911.723
1929,600016.SH,20110114,5.14,5.14,5.09,5.1,5.14,-0.04,-0.78,804806.4,411189.474
1930,600016.SH,20110113,5.17,5.19,5.12,5.14,5.15,-0.01,-0.19,897210.81,462207.071
1931,600016.SH,20110112,5.14,5.16,5.09,5.15,5.12,0.03,0.59,2153450.34,1105683.313
1932,600016.SH,20110111,5.07,5.16,5.06,5.12,5.08,0.04,0.79,1698839.24,871165.217
1933,600016.SH,20110110,5.09,5.16,5.07,5.08,5.03,0.05,0.99,3048671.43,1559481.487
1934,600016.SH,20110106,5.03,5.07,5.02,5.03,5.04,-0.01,-0.2,729855.09,368008.282
1935,600016.SH,20110105,5.05,5.09,5.0,5.04,5.07,-0.03,-0.59,1199241.63,604131.611
1936,600016.SH,20110104,5.05,5.09,4.99,5.07,5.02,0.05,1.0,1391621.52,702120.288
1937,600016.SH,20101231,5.0,5.05,4.97,5.02,5.01,0.01,0.2,902801.69,452175.043
1938,600016.SH,20101230,5.02,5.06,4.96,5.01,5.02,-0.01,-0.2,1060285.43,530661.369
1939,600016.SH,20101229,5.07,5.08,4.99,5.02,5.05,-0.03,-0.59,1322206.59,662901.064
1940,600016.SH,20101228,5.07,5.12,5.04,5.05,5.06,-0.01,-0.2,1034088.03,524662.01
1941,600016.SH,20101227,5.15,5.18,5.05,5.06,5.1,-0.04,-0.78,1504457.55,771992.969
1942,600016.SH,20101224,5.06,5.15,5.05,5.1,5.09,0.01,0.2,1081980.27,552067.239
1943,600016.SH,20101223,5.06,5.16,5.04,5.09,5.06,0.03,0.59,1173224.26,598650.388
1944,600016.SH,20101222,5.11,5.13,5.04,5.06,5.12,-0.06,-1.17,772151.29,392835.385
1945,600016.SH,20101221,5.05,5.15,5.02,5.12,5.03,0.09,1.79,1360539.82,693056.36
1946,600016.SH,20101220,5.1,5.1,5.01,5.03,5.08,-0.05,-0.98,1195993.4,603073.835
1947,600016.SH,20101217,5.11,5.11,5.06,5.08,5.09,-0.01,-0.2,618130.57,313579.635
1948,600016.SH,20101216,5.12,5.13,5.08,5.09,5.12,-0.03,-0.59,712504.28,363687.64
1949,600016.SH,20101215,5.13,5.17,5.11,5.12,5.12,0.0,0.0,1239612.96,637598.33
1950,600016.SH,20101214,5.15,5.17,5.1,5.12,5.15,-0.03,-0.58,883292.99,452695.562
1951,600016.SH,20101213,5.08,5.17,5.07,5.15,5.08,0.07,1.38,1422999.21,727579.424
1952,600016.SH,20101210,5.03,5.1,5.02,5.08,5.04,0.04,0.79,674747.93,341512.969
1953,600016.SH,20101209,5.06,5.08,5.02,5.04,5.07,-0.03,-0.59,899211.08,453748.871
1954,600016.SH,20101208,5.11,5.13,5.06,5.07,5.13,-0.06,-1.17,720229.35,366709.895
1955,600016.SH,20101207,5.1,5.14,5.05,5.13,5.13,0.0,0.0,856440.87,435748.339
1956,600016.SH,20101206,5.11,5.15,5.08,5.13,5.1,0.03,0.59,899995.6,461001.712
1957,600016.SH,20101203,5.12,5.13,5.06,5.1,5.1,0.0,0.0,633432.24,322904.093
1958,600016.SH,20101202,5.12,5.16,5.1,5.1,5.07,0.03,0.59,852572.31,437145.356
1959,600016.SH,20101201,5.07,5.09,5.03,5.07,5.07,0.0,0.0,665244.13,336846.548
1960,600016.SH,20101130,5.12,5.14,5.02,5.07,5.13,-0.06,-1.17,1273836.88,645647.059
1961,600016.SH,20101129,5.12,5.14,5.09,5.13,5.13,0.0,0.0,580780.98,297185.309
1962,600016.SH,20101126,5.17,5.18,5.1,5.13,5.17,-0.04,-0.77,918963.56,471807.144
1963,600016.SH,20101125,5.15,5.19,5.08,5.17,5.12,0.05,0.98,1252828.97,643711.606
1964,600016.SH,20101124,5.06,5.18,5.05,5.12,5.06,0.06,1.19,1305590.3,668901.095
1965,600016.SH,20101123,5.08,5.1,5.02,5.06,5.09,-0.03,-0.59,1383642.91,699321.211
1966,600016.SH,20101122,5.13,5.17,5.08,5.09,5.19,-0.1,-1.93,1218110.24,623597.147
1967,600016.SH,20101119,5.23,5.23,5.08,5.19,5.2,-0.01,-0.19,1591563.34,818470.134
1968,600016.SH,20101118,5.19,5.26,5.16,5.2,5.16,0.04,0.78,1190410.09,618948.089
1969,600016.SH,20101117,5.15,5.28,5.13,5.16,5.18,-0.02,-0.39,1617892.46,838605.833
1970,600016.SH,20101116,5.33,5.33,5.15,5.18,5.36,-0.18,-3.36,1599800.99,837749.898
1971,600016.SH,20101115,5.35,5.38,5.24,5.36,5.32,0.04,0.75,1454606.98,770049.629
1972,600016.SH,20101112,5.56,5.57,5.28,5.32,5.6,-0.28,-5.0,2681041.42,1457013.501
1973,600016.SH,20101111,5.54,5.66,5.51,5.6,5.54,0.06,1.08,2278188.37,1267314.058
1974,600016.SH,20101110,5.62,5.62,5.5,5.54,5.66,-0.12,-2.12,1859920.58,1030526.789
1975,600016.SH,20101109,5.77,5.78,5.62,5.66,5.74,-0.08,-1.39,1822308.7,1035599.039
1976,600016.SH,20101108,5.7,5.81,5.69,5.74,5.68,0.06,1.06,2192858.69,1262639.43
1977,600016.SH,20101105,5.71,5.76,5.63,5.68,5.64,0.04,0.71,1777182.35,1009222.095
1978,600016.SH,20101104,5.62,5.66,5.6,5.64,5.62,0.02,0.36,2082751.7,1172369.972
1979,600016.SH,20101103,5.5,5.67,5.44,5.62,5.47,0.15,2.74,2702241.32,1506840.789
1980,600016.SH,20101102,5.53,5.55,5.43,5.47,5.52,-0.05,-0.91,1960120.98,1075186.866
1981,600016.SH,20101101,5.49,5.56,5.48,5.52,5.46,0.06,1.1,1714691.34,945089.157
1982,600016.SH,20101029,5.59,5.6,5.45,5.46,5.57,-0.11,-1.97,1666104.2,915134.8
1983,600016.SH,20101028,5.56,5.64,5.54,5.57,5.57,0.0,0.0,1075224.18,599020.354
1984,600016.SH,20101027,5.64,5.74,5.56,5.57,5.65,-0.08,-1.42,1602370.81,903044.493
1985,600016.SH,20101026,5.69,5.74,5.61,5.65,5.66,-0.01,-0.18,1531217.25,867559.66
1986,600016.SH,20101025,5.59,5.7,5.51,5.66,5.58,0.08,1.43,1677930.09,944226.073
1987,600016.SH,20101022,5.61,5.67,5.53,5.58,5.64,-0.06,-1.06,1290161.56,721496.8
1988,600016.SH,20101021,5.78,5.82,5.6,5.64,5.8,-0.16,-2.76,2192876.19,1248521.197
1989,600016.SH,20101020,5.8,5.98,5.75,5.8,5.82,-0.02,-0.34,3078208.42,1797864.427
1990,600016.SH,20101019,5.79,5.83,5.7,5.82,5.8,0.02,0.34,2277561.7,1309934.653
1991,600016.SH,20101018,5.78,5.97,5.78,5.8,5.69,0.11,1.93,4607972.19,2705585.204
1992,600016.SH,20101015,5.43,5.7,5.4,5.69,5.45,0.24,4.4,4241464.53,2373288.668
1993,600016.SH,20101014,5.43,5.62,5.43,5.45,5.4,0.05,0.93,3759846.0,2073607.58
1994,600016.SH,20101013,5.3,5.42,5.28,5.4,5.3,0.1,1.89,2404241.84,1290098.213
1995,600016.SH,20101012,5.29,5.32,5.24,5.3,5.33,-0.03,-0.56,1886108.35,996034.734
1996,600016.SH,20101011,5.21,5.4,5.16,5.33,5.21,0.12,2.3,3004043.31,1590174.108
1997,600016.SH,20101008,5.14,5.24,5.12,5.21,5.1,0.11,2.16,1817549.61,942413.94
1998,600016.SH,20100930,4.98,5.13,4.97,5.1,5.01,0.09,1.8,1157233.87,587872.232
1999,600016.SH,20100929,4.96,5.04,4.95,5.01,4.97,0.04,0.8,900028.02,450891.935
2000,600016.SH,20100928,5.0,5.01,4.96,4.97,5.01,-0.04,-0.8,958089.84,477519.568
2001,600016.SH,20100927,5.02,5.04,5.0,5.01,5.01,0.0,0.0,1144289.7,573548.706
2002,600016.SH,20100921,5.02,5.03,4.99,5.01,5.0,0.01,0.2,567603.35,284233.395
2003,600016.SH,20100920,5.01,5.04,4.96,5.0,5.0,0.0,0.0,811198.8,406000.499
2004,600016.SH,20100917,5.03,5.04,4.96,5.0,5.01,-0.01,-0.2,1168734.41,583397.834
2005,600016.SH,20100916,5.1,5.1,4.97,5.01,5.1,-0.09,-1.76,1619074.38,813701.595
2006,600016.SH,20100915,5.19,5.19,5.09,5.1,5.19,-0.09,-1.73,1637107.2,837122.086
2007,600016.SH,20100914,5.2,5.22,5.16,5.19,5.19,0.0,0.0,1374244.44,714044.376
2008,600016.SH,20100913,5.2,5.24,5.15,5.19,5.22,-0.03,-0.57,1796792.6,930777.551
2009,600016.SH,20100910,5.23,5.25,5.17,5.22,5.22,0.0,0.0,994907.86,518046.331
2010,600016.SH,20100909,5.32,5.33,5.2,5.22,5.32,-0.1,-1.88,1956471.37,1025899.4
2011,600016.SH,20100908,5.4,5.41,5.28,5.32,5.43,-0.11,-2.03,2479247.21,1319732.263
2012,600016.SH,20100907,5.46,5.48,5.41,5.43,5.45,-0.02,-0.37,885266.28,481743.753
2013,600016.SH,20100906,5.37,5.48,5.36,5.45,5.36,0.09,1.68,1397038.3,757594.866
2014,600016.SH,20100903,5.4,5.41,5.32,5.36,5.4,-0.04,-0.74,1230999.9,658724.411
2015,600016.SH,20100902,5.44,5.46,5.37,5.4,5.39,0.01,0.19,1209076.39,651873.188
2016,600016.SH,20100901,5.41,5.49,5.35,5.39,5.39,0.0,0.0,1504342.63,813664.501
2017,600016.SH,20100831,5.45,5.45,5.38,5.39,5.45,-0.06,-1.1,905354.0,488970.888
2018,600016.SH,20100830,5.45,5.48,5.41,5.45,5.42,0.03,0.55,911537.85,496571.826
2019,600016.SH,20100827,5.4,5.44,5.38,5.42,5.4,0.02,0.37,443189.79,239803.122
2020,600016.SH,20100826,5.41,5.45,5.38,5.4,5.4,0.0,0.0,626553.35,338744.952
2021,600016.SH,20100825,5.5,5.5,5.38,5.4,5.53,-0.13,-2.35,1392416.16,756152.95
2022,600016.SH,20100824,5.54,5.6,5.48,5.53,5.55,-0.02,-0.36,851518.84,471106.943
2023,600016.SH,20100823,5.57,5.65,5.54,5.55,5.56,-0.01,-0.18,975259.56,544298.782
2024,600016.SH,20100820,5.6,5.66,5.55,5.56,5.65,-0.09,-1.59,1178327.37,659115.097
2025,600016.SH,20100819,5.59,5.68,5.54,5.65,5.58,0.07,1.25,1650949.25,929260.705
2026,600016.SH,20100818,5.58,5.69,5.57,5.58,5.57,0.01,0.18,1865363.97,1049665.515
2027,600016.SH,20100817,5.56,5.59,5.51,5.57,5.56,0.01,0.18,1156209.51,642847.833
2028,600016.SH,20100816,5.45,5.57,5.4,5.56,5.45,0.11,2.02,1724143.83,948286.709
2029,600016.SH,20100813,5.46,5.49,5.37,5.45,5.45,0.0,0.0,1300311.5,704473.987
2030,600016.SH,20100812,5.43,5.52,5.39,5.45,5.46,-0.01,-0.18,988152.39,539938.872
2031,600016.SH,20100811,5.42,5.52,5.42,5.46,5.39,0.07,1.3,1546014.16,846664.175
2032,600016.SH,20100810,5.51,5.52,5.38,5.39,5.49,-0.1,-1.82,1140580.96,620172.593
2033,600016.SH,20100809,5.48,5.51,5.44,5.49,5.49,0.0,0.0,969512.8,530451.06
2034,600016.SH,20100806,5.43,5.51,5.38,5.49,5.42,0.07,1.29,785907.94,428406.775
2035,600016.SH,20100805,5.54,5.54,5.4,5.42,5.54,-0.12,-2.17,1587917.24,864665.27
2036,600016.SH,20100804,5.54,5.6,5.46,5.54,5.55,-0.01,-0.18,1190770.53,657828.349
2037,600016.SH,20100803,5.69,5.7,5.54,5.55,5.67,-0.12,-2.12,1004003.87,565628.75
2038,600016.SH,20100802,5.57,5.69,5.55,5.67,5.59,0.08,1.43,1202726.82,678432.316
2039,600016.SH,20100730,5.58,5.6,5.53,5.59,5.58,0.01,0.18,738045.18,410032.252
2040,600016.SH,20100729,5.53,5.63,5.52,5.58,5.54,0.04,0.72,1676215.43,937479.16
2041,600016.SH,20100728,5.44,5.55,5.43,5.54,5.43,0.11,2.03,1374602.77,757195.67
2042,600016.SH,20100727,5.44,5.47,5.41,5.43,5.49,-0.06,-1.09,646868.86,351782.382
2043,600016.SH,20100726,5.5,5.53,5.44,5.49,5.49,0.0,0.0,756193.55,414280.687
2044,600016.SH,20100723,5.43,5.54,5.42,5.49,5.42,0.07,1.29,1461987.15,801402.962
2045,600016.SH,20100722,5.37,5.44,5.35,5.42,5.38,0.04,0.74,895099.2,483963.895
2046,600016.SH,20100721,5.42,5.44,5.36,5.38,5.41,-0.03,-0.55,855906.88,461282.051
2047,600016.SH,20100720,5.36,5.46,5.35,5.41,5.34,0.07,1.31,1255010.87,679575.845
2048,600016.SH,20100719,5.21,5.35,5.2,5.34,5.26,0.08,1.52,1040113.52,552429.691
2049,600016.SH,20100716,5.26,5.3,5.2,5.26,5.28,-0.02,-0.38,651342.1,341229.759
2050,600016.SH,20100715,5.32,5.46,5.27,5.28,5.32,-0.04,-0.75,1182919.66,635453.351
2051,600016.SH,20100714,6.41,6.48,6.34,6.43,6.39,0.04,0.63,1129442.9,725520.183
2052,600016.SH,20100713,6.39,6.42,6.33,6.39,6.44,-0.05,-0.78,687564.77,438017.283
2053,600016.SH,20100712,6.37,6.52,6.34,6.44,6.35,0.09,1.42,1036576.29,668309.629
2054,600016.SH,20100709,6.23,6.43,6.18,6.35,6.18,0.17,2.75,1057982.59,668197.129
2055,600016.SH,20100708,6.16,6.26,6.16,6.18,6.13,0.05,0.82,737093.24,457401.314
2056,600016.SH,20100707,6.12,6.15,6.07,6.13,6.14,-0.01,-0.16,510049.34,311454.159
2057,600016.SH,20100706,6.05,6.16,6.03,6.14,6.05,0.09,1.49,831535.85,508560.406
2058,600016.SH,20100705,6.03,6.1,5.98,6.05,6.08,-0.03,-0.49,623347.05,376028.131
2059,600016.SH,20100702,6.05,6.12,5.98,6.08,6.03,0.05,0.83,970116.55,586353.88
2060,600016.SH,20100701,6.06,6.1,6.02,6.03,6.05,-0.02,-0.33,450232.38,272497.044
2061,600016.SH,20100630,6.05,6.13,6.02,6.05,6.07,-0.02,-0.33,777279.15,473311.624
2062,600016.SH,20100629,6.35,6.38,6.06,6.07,6.35,-0.28,-4.41,1096969.11,676999.895
2063,600016.SH,20100628,6.35,6.41,6.3,6.35,6.36,-0.01,-0.16,618495.66,392870.472
2064,600016.SH,20100625,6.3,6.4,6.29,6.36,6.33,0.03,0.47,612604.36,389246.683
2065,600016.SH,20100624,6.32,6.4,6.26,6.33,6.31,0.02,0.32,569499.54,361194.342
2066,600016.SH,20100623,6.36,6.38,6.27,6.31,6.39,-0.08,-1.25,743350.67,470251.205
2067,600016.SH,20100622,6.37,6.44,6.35,6.39,6.39,0.0,0.0,766598.75,490380.164
2068,600016.SH,20100621,6.23,6.43,6.2,6.39,6.2,0.19,3.06,1705125.91,1082966.83
2069,600016.SH,20100617,6.24,6.29,6.18,6.2,6.19,0.01,0.16,852580.27,530989.078
2070,600016.SH,20100611,6.21,6.29,6.16,6.19,6.16,0.03,0.49,846208.68,526472.665
2071,600016.SH,20100610,6.25,6.28,6.15,6.16,6.35,-0.19,-2.99,1295555.42,804368.111
2072,600016.SH,20100609,6.09,6.46,6.06,6.35,6.06,0.29,4.79,1803678.95,1132135.388
2073,600016.SH,20100608,6.08,6.12,6.0,6.06,6.07,-0.01,-0.16,787075.45,477461.497
2074,600016.SH,20100607,6.15,6.2,6.06,6.07,6.25,-0.18,-2.88,1142052.61,698838.002
2075,600016.SH,20100604,6.3,6.34,6.2,6.25,6.33,-0.08,-1.26,1186443.3,742620.61
2076,600016.SH,20100603,6.45,6.45,6.32,6.33,6.42,-0.09,-1.4,919968.52,588851.203
2077,600016.SH,20100602,6.42,6.44,6.34,6.42,6.44,-0.02,-0.31,801215.9,511658.358
2078,600016.SH,20100601,6.53,6.59,6.38,6.44,6.54,-0.1,-1.53,1048960.48,678455.322
2079,600016.SH,20100531,6.65,6.7,6.53,6.54,6.68,-0.14,-2.1,919412.01,606958.295
2080,600016.SH,20100528,6.77,6.79,6.65,6.68,6.72,-0.04,-0.6,809326.75,542992.21
2081,600016.SH,20100527,6.67,6.73,6.59,6.72,6.64,0.08,1.2,702850.78,468193.216
2082,600016.SH,20100526,6.66,6.7,6.62,6.64,6.64,0.0,0.0,728157.88,484417.695
2083,600016.SH,20100525,6.79,6.81,6.61,6.64,6.86,-0.22,-3.21,1003198.39,674353.028
2084,600016.SH,20100524,6.71,6.92,6.71,6.86,6.69,0.17,2.54,1593964.83,1087253.03
2085,600016.SH,20100521,6.54,6.7,6.52,6.69,6.66,0.03,0.45,882562.66,584338.737
2086,600016.SH,20100520,6.68,6.79,6.64,6.66,6.72,-0.06,-0.89,641817.1,430050.241
2087,600016.SH,20100519,6.69,6.81,6.6,6.72,6.76,-0.04,-0.59,747768.6,503043.613
2088,600016.SH,20100518,6.63,6.8,6.61,6.76,6.61,0.15,2.27,1121143.49,751290.572
2089,600016.SH,20100517,6.75,6.75,6.6,6.61,6.81,-0.2,-2.94,1016444.71,676647.241
2090,600016.SH,20100514,6.83,6.88,6.8,6.81,6.87,-0.06,-0.87,858891.41,587039.987
2091,600016.SH,20100513,6.78,6.93,6.76,6.87,6.82,0.05,0.73,1413670.24,970709.08
2092,600016.SH,20100512,6.62,6.88,6.54,6.82,6.66,0.16,2.4,1406360.89,949141.149
2093,600016.SH,20100511,6.96,6.98,6.6,6.66,6.82,-0.16,-2.35,1533944.25,1040204.156
2094,600016.SH,20100510,6.68,6.85,6.62,6.82,6.65,0.17,2.56,921253.57,620242.179
2095,600016.SH,20100507,6.6,6.73,6.54,6.65,6.71,-0.06,-0.89,1054056.62,700844.521
2096,600016.SH,20100506,6.98,6.99,6.7,6.71,7.02,-0.31,-4.42,1400044.46,954278.26
2097,600016.SH,20100505,6.84,7.07,6.82,7.02,6.9,0.12,1.74,1118397.09,777963.556
2098,600016.SH,20100504,6.9,7.01,6.82,6.9,7.02,-0.12,-1.71,1067426.46,738457.242
2099,600016.SH,20100430,6.98,7.08,6.87,7.02,6.85,0.17,2.48,1796566.27,1255029.247
2100,600016.SH,20100429,6.78,6.97,6.73,6.85,6.72,0.13,1.93,1580352.93,1083464.277
2101,600016.SH,20100428,6.72,6.77,6.65,6.72,6.74,-0.02,-0.3,858249.59,576008.631
2102,600016.SH,20100427,6.87,6.88,6.69,6.74,6.86,-0.12,-1.75,1235698.33,833850.106
2103,600016.SH,20100426,6.95,6.97,6.85,6.86,6.92,-0.06,-0.87,923595.33,637265.979
2104,600016.SH,20100423,6.95,7.01,6.85,6.92,6.96,-0.04,-0.57,1609827.61,1114797.299
2105,600016.SH,20100422,7.08,7.08,6.91,6.96,7.15,-0.19,-2.66,1991515.85,1390069.959
2106,600016.SH,20100421,7.1,7.15,6.97,7.15,7.09,0.06,0.85,1931965.91,1362765.299
2107,600016.SH,20100420,7.15,7.19,6.99,7.09,7.08,0.01,0.14,1944220.77,1376066.796
2108,600016.SH,20100419,7.4,7.42,7.07,7.08,7.53,-0.45,-5.98,2889376.71,2076773.835
2109,600016.SH,20100416,7.68,7.68,7.52,7.53,7.71,-0.18,-2.33,720273.5,545994.109
2110,600016.SH,20100415,7.71,7.76,7.6,7.71,7.69,0.02,0.26,1080753.49,828860.038
2111,600016.SH,20100414,7.68,7.72,7.61,7.69,7.68,0.01,0.13,1127447.12,865473.26
2112,600016.SH,20100413,7.45,7.69,7.43,7.68,7.46,0.22,2.95,1931360.27,1464884.867
2113,600016.SH,20100412,7.6,7.62,7.38,7.46,7.59,-0.13,-1.71,1606899.79,1198259.191
2114,600016.SH,20100409,7.56,7.64,7.53,7.59,7.56,0.03,0.4,819739.44,620616.611
2115,600016.SH,20100408,7.68,7.68,7.5,7.56,7.68,-0.12,-1.56,955326.99,725301.756
2116,600016.SH,20100407,7.77,7.77,7.65,7.68,7.78,-0.1,-1.29,857439.05,659852.69
2117,600016.SH,20100406,7.79,7.87,7.75,7.78,7.76,0.02,0.26,1106037.3,863076.551
2118,600016.SH,20100402,7.78,7.82,7.73,7.76,7.75,0.01,0.13,877156.44,681612.159
2119,600016.SH,20100401,7.7,7.81,7.7,7.75,7.69,0.06,0.78,962935.63,746775.261
2120,600016.SH,20100331,7.8,7.81,7.66,7.69,7.8,-0.11,-1.41,924918.41,713832.836
2121,600016.SH,20100330,7.77,7.83,7.7,7.8,7.77,0.03,0.39,1233856.3,959327.393
2122,600016.SH,20100329,7.54,7.83,7.49,7.77,7.48,0.29,3.88,2804924.51,2161064.467
2123,600016.SH,20100326,7.33,7.59,7.3,7.48,7.33,0.15,2.05,1039854.24,776917.857
2124,600016.SH,20100325,7.42,7.44,7.31,7.33,7.44,-0.11,-1.48,542158.05,398483.504
2125,600016.SH,20100324,7.5,7.53,7.42,7.44,7.43,0.01,0.13,632890.51,472934.387
2126,600016.SH,20100323,7.58,7.59,7.41,7.43,7.55,-0.12,-1.59,666628.47,498479.053
2127,600016.SH,20100322,7.48,7.64,7.48,7.55,7.45,0.1,1.34,925185.49,699702.521
2128,600016.SH,20100319,7.42,7.48,7.39,7.45,7.42,0.03,0.4,467619.65,347740.914
2129,600016.SH,20100318,7.46,7.54,7.4,7.42,7.45,-0.03,-0.4,839504.31,627228.171
2130,600016.SH,20100317,7.34,7.46,7.31,7.45,7.33,0.12,1.64,780310.65,578005.168
2131,600016.SH,20100316,7.25,7.38,7.22,7.33,7.25,0.08,1.1,538903.3,392941.987
2132,600016.SH,20100315,7.39,7.4,7.2,7.25,7.39,-0.14,-1.89,683468.46,496612.953
2133,600016.SH,20100312,7.46,7.49,7.37,7.39,7.46,-0.07,-0.94,589242.94,437556.29
2134,600016.SH,20100311,7.42,7.53,7.38,7.46,7.36,0.1,1.36,1106633.59,825079.009
2135,600016.SH,20100310,7.41,7.5,7.36,7.36,7.43,-0.07,-0.94,738810.55,549152.861
2136,600016.SH,20100309,7.31,7.48,7.25,7.43,7.31,0.12,1.64,1085939.33,803805.546
2137,600016.SH,20100308,7.27,7.38,7.23,7.31,7.25,0.06,0.83,754103.63,550890.435
2138,600016.SH,20100305,7.28,7.32,7.22,7.25,7.26,-0.01,-0.14,570012.69,414609.514
2139,600016.SH,20100304,7.45,7.45,7.25,7.26,7.45,-0.19,-2.55,832398.99,611305.01
2140,600016.SH,20100303,7.45,7.47,7.35,7.45,7.44,0.01,0.13,741403.03,550380.36
2141,600016.SH,20100302,7.43,7.55,7.38,7.44,7.42,0.02,0.27,957929.4,714012.794
2142,600016.SH,20100301,7.31,7.45,7.31,7.42,7.33,0.09,1.23,887086.67,656652.678
2143,600016.SH,20100226,7.35,7.4,7.3,7.33,7.36,-0.03,-0.41,765770.21,562052.377
2144,600016.SH,20100225,7.27,7.42,7.24,7.36,7.26,0.1,1.38,1155262.32,850583.117
2145,600016.SH,20100224,7.12,7.28,7.1,7.26,7.16,0.1,1.4,561440.76,404053.266
2146,600016.SH,20100223,7.23,7.26,7.09,7.16,7.23,-0.07,-0.97,602436.71,430236.02
2147,600016.SH,20100222,7.27,7.31,7.2,7.23,7.28,-0.05,-0.69,499585.11,363184.493
2148,600016.SH,20100212,7.26,7.29,7.23,7.28,7.23,0.05,0.69,546762.25,397220.923
2149,600016.SH,20100211,7.25,7.28,7.18,7.23,7.23,0.0,0.0,472812.29,341781.583
2150,600016.SH,20100210,7.22,7.28,7.15,7.23,7.18,0.05,0.7,527796.15,380696.756
2151,600016.SH,20100209,7.1,7.18,7.1,7.18,7.1,0.08,1.13,481786.91,344557.354
2152,600016.SH,20100208,7.15,7.17,7.04,7.1,7.13,-0.03,-0.42,468857.88,332846.085
2153,600016.SH,20100205,7.1,7.18,7.05,7.13,7.25,-0.12,-1.66,769064.34,546989.108
2154,600016.SH,20100204,7.24,7.31,7.19,7.25,7.29,-0.04,-0.55,654671.38,474755.0
2155,600016.SH,20100203,7.15,7.3,7.01,7.29,7.12,0.17,2.39,1180727.99,850553.336
2156,600016.SH,20100202,7.17,7.29,7.1,7.12,7.11,0.01,0.14,814914.01,586883.357
2157,600016.SH,20100201,7.21,7.21,7.03,7.11,7.23,-0.12,-1.66,1027367.0,729676.296
2158,600016.SH,20100129,7.19,7.35,7.19,7.23,7.25,-0.02,-0.28,1046534.78,758982.406
2159,600016.SH,20100128,7.35,7.36,7.2,7.25,7.32,-0.07,-0.96,1019567.59,740661.885
2160,600016.SH,20100127,7.57,7.63,7.28,7.32,7.55,-0.23,-3.05,1192607.75,883881.281
2161,600016.SH,20100126,7.62,7.74,7.5,7.55,7.63,-0.08,-1.05,1133158.94,859808.028
2162,600016.SH,20100125,7.65,7.85,7.6,7.63,7.78,-0.15,-1.93,1217659.3,941518.351
2163,600016.SH,20100122,7.52,7.92,7.48,7.78,7.63,0.15,1.97,2768784.09,2132982.684
2164,600016.SH,20100121,7.51,7.7,7.49,7.63,7.5,0.13,1.73,1197457.4,907318.282
2165,600016.SH,20100120,7.73,7.74,7.46,7.5,7.71,-0.21,-2.72,1256365.85,951835.152
2166,600016.SH,20100119,7.61,7.75,7.61,7.71,7.59,0.12,1.58,1543008.35,1188019.324
2167,600016.SH,20100118,7.51,7.61,7.5,7.59,7.57,0.02,0.26,1131460.84,855801.453
2168,600016.SH,20100115,7.58,7.64,7.46,7.57,7.57,0.0,0.0,1160269.43,875997.383
2169,600016.SH,20100114,7.6,7.61,7.45,7.57,7.56,0.01,0.13,1447283.34,1090010.713
2170,600016.SH,20100113,7.65,7.73,7.5,7.56,7.91,-0.35,-4.42,2895546.54,2208528.292
2171,600016.SH,20100112,7.82,7.96,7.6,7.91,7.87,0.04,0.51,1830956.68,1423936.425
2172,600016.SH,20100111,8.15,8.21,7.8,7.87,7.78,0.09,1.16,2582785.74,2065298.26
2173,600016.SH,20100108,7.69,7.81,7.64,7.78,7.7,0.08,1.04,1175146.95,908019.648
2174,600016.SH,20100107,7.9,7.92,7.65,7.7,7.91,-0.21,-2.65,1665061.61,1296438.459
2175,600016.SH,20100106,8.03,8.08,7.9,7.91,8.07,-0.16,-1.98,1616806.01,1291159.625
2176,600016.SH,20100105,7.99,8.14,7.8,8.07,7.93,0.14,1.77,2301868.23,1845540.334
2177,600016.SH,20100104,8.03,8.15,7.92,7.93,7.91,0.02,0.25,2435691.26,1957852.262
2178,600016.SH,20091231,7.93,8.04,7.88,7.91,7.89,0.02,0.25,1941650.96,1545729.749
2179,600016.SH,20091230,7.67,7.95,7.63,7.89,7.66,0.23,3.0,2983327.75,2344604.629
2180,600016.SH,20091229,7.58,7.68,7.5,7.66,7.56,0.1,1.32,1261423.93,961201.381
2181,600016.SH,20091228,7.47,7.65,7.47,7.56,7.47,0.09,1.2,1105290.2,837852.355
2182,600016.SH,20091225,7.44,7.55,7.38,7.47,7.45,0.02,0.27,1207937.58,904486.543
2183,600016.SH,20091224,7.26,7.51,7.18,7.45,7.24,0.21,2.9,1715558.1,1265348.536
2184,600016.SH,20091223,7.26,7.33,7.18,7.24,7.27,-0.03,-0.41,1105861.16,802004.781
2185,600016.SH,20091222,7.44,7.47,7.2,7.27,7.44,-0.17,-2.28,1240743.03,909278.32
2186,600016.SH,20091221,7.5,7.56,7.35,7.44,7.5,-0.06,-0.8,1250080.96,929796.087
2187,600016.SH,20091218,7.61,7.67,7.49,7.5,7.68,-0.18,-2.34,1587119.22,1200830.6
2188,600016.SH,20091217,7.82,7.87,7.66,7.68,7.76,-0.08,-1.03,1273999.07,985757.11
2189,600016.SH,20091216,7.73,7.93,7.7,7.76,7.78,-0.02,-0.26,1149666.81,898545.328
2190,600016.SH,20091215,7.85,7.89,7.77,7.78,7.89,-0.11,-1.39,1495114.25,1169232.241
2191,600016.SH,20091214,7.71,7.95,7.53,7.89,7.74,0.15,1.94,2367415.75,1835564.082
2192,600016.SH,20091211,7.8,7.86,7.72,7.74,7.78,-0.04,-0.51,1115202.41,868285.674
2193,600016.SH,20091210,7.76,7.83,7.72,7.78,7.7,0.08,1.04,1176332.68,914524.37
2194,600016.SH,20091209,7.76,7.78,7.68,7.7,7.84,-0.14,-1.79,1518296.19,1173185.33
2195,600016.SH,20091208,8.0,8.02,7.77,7.84,8.0,-0.16,-2.0,2120618.58,1667731.719
2196,600016.SH,20091207,8.04,8.08,7.92,8.0,8.01,-0.01,-0.12,2628259.88,2103200.445
2197,600016.SH,20091204,7.64,8.09,7.6,8.01,7.67,0.34,4.43,4833288.86,3815283.513
2198,600016.SH,20091203,7.78,7.78,7.6,7.67,7.77,-0.1,-1.29,2052919.34,1571075.976
2199,600016.SH,20091202,7.75,7.85,7.72,7.77,7.7,0.07,0.91,2639809.4,2053488.324
2200,600016.SH,20091201,7.67,7.73,7.5,7.7,7.7,0.0,0.0,3272126.0,2491151.938
2201,600016.SH,20091130,7.59,7.75,7.59,7.7,7.53,0.17,2.26,2165476.94,1656994.713
2202,600016.SH,20091127,7.77,7.81,7.52,7.53,7.88,-0.35,-4.44,2941156.7,2242857.049
2203,600016.SH,20091126,8.4,8.43,7.81,7.88,8.36,-0.48,-5.74,4548659.35,3658823.472
2204,600016.SH,20091125,8.15,8.37,8.05,8.36,8.19,0.17,2.08,2370766.85,1943456.476
2205,600016.SH,20091124,8.45,8.48,8.18,8.19,8.42,-0.23,-2.73,2732537.55,2285853.257
2206,600016.SH,20091123,8.46,8.49,8.33,8.42,8.42,0.0,0.0,2133934.68,1791062.861
2207,600016.SH,20091120,8.46,8.47,8.31,8.42,8.49,-0.07,-0.82,2405777.62,2017001.36
2208,600016.SH,20091119,8.5,8.57,8.41,8.49,8.48,0.01,0.12,1916861.9,1624514.394
2209,600016.SH,20091118,8.53,8.56,8.4,8.48,8.54,-0.06,-0.7,2082018.86,1766181.689
2210,600016.SH,20091117,8.58,8.65,8.5,8.54,8.56,-0.02,-0.23,2109452.68,1808290.275
2211,600016.SH,20091116,8.52,8.65,8.46,8.56,8.41,0.15,1.78,3433878.03,2933990.086
2212,600016.SH,20091113,8.15,8.42,8.1,8.41,8.09,0.32,3.96,3560576.14,2927746.767
2213,600016.SH,20091112,8.09,8.18,8.02,8.09,8.01,0.08,1.0,1805205.08,1463961.107
2214,600016.SH,20091111,8.12,8.12,7.97,8.01,8.12,-0.11,-1.35,1974917.81,1585079.137
2215,600016.SH,20091110,8.16,8.22,8.09,8.12,8.11,0.01,0.12,1989733.37,1623546.629
2216,600016.SH,20091109,8.17,8.2,7.96,8.11,8.13,-0.02,-0.25,1997714.3,1609702.94
2217,600016.SH,20091106,8.15,8.21,8.1,8.13,8.09,0.04,0.49,1364886.23,1111933.85
2218,600016.SH,20091105,8.13,8.15,8.01,8.09,8.11,-0.02,-0.25,1300887.35,1049121.282
2219,600016.SH,20091104,8.12,8.21,7.96,8.11,8.1,0.01,0.12,1898786.27,1537180.056
2220,600016.SH,20091103,8.1,8.28,8.06,8.1,8.1,0.0,0.0,2113108.24,1722223.563
2221,600016.SH,20091102,7.49,8.1,7.43,8.1,7.68,0.42,5.47,2846057.93,2247521.551
2222,600016.SH,20091030,7.73,7.84,7.58,7.68,7.53,0.15,1.99,1552908.76,1198789.513
2223,600016.SH,20091029,7.59,7.75,7.51,7.53,7.77,-0.24,-3.09,1549727.97,1179702.533
2224,600016.SH,20091028,7.88,7.94,7.58,7.77,7.91,-0.14,-1.77,2049199.41,1589159.902
2225,600016.SH,20091027,8.01,8.04,7.88,7.91,8.06,-0.15,-1.86,1948114.63,1550130.453
2226,600016.SH,20091026,7.97,8.14,7.91,8.06,7.9,0.16,2.03,1577343.71,1267537.992
2227,600016.SH,20091023,7.74,8.0,7.74,7.9,7.71,0.19,2.46,2318390.87,1834456.881
2228,600016.SH,20091022,7.75,7.82,7.67,7.71,7.75,-0.04,-0.52,1527387.75,1182260.202
2229,600016.SH,20091021,7.65,7.86,7.63,7.75,7.63,0.12,1.57,3163626.56,2457227.654
2230,600016.SH,20091020,7.53,7.64,7.49,7.63,7.45,0.18,2.42,2331204.09,1769399.609
2231,600016.SH,20091019,7.25,7.47,7.2,7.45,7.27,0.18,2.48,1717708.5,1270364.049
2232,600016.SH,20091016,7.32,7.38,7.17,7.27,7.31,-0.04,-0.55,1283537.88,928737.605
2233,600016.SH,20091015,7.38,7.43,7.26,7.31,7.26,0.05,0.69,1499464.35,1101988.024
2234,600016.SH,20091014,7.16,7.37,7.14,7.26,7.09,0.17,2.4,2682151.91,1942285.881
2235,600016.SH,20091013,6.96,7.13,6.95,7.09,6.95,0.14,2.01,1427699.65,1010242.282
2236,600016.SH,20091012,7.07,7.17,6.94,6.95,6.98,-0.03,-0.43,1791155.69,1264748.785
2237,600016.SH,20091009,6.88,6.99,6.83,6.98,6.74,0.24,3.56,1772216.06,1229735.662
2238,600016.SH,20090930,6.65,6.82,6.63,6.74,6.65,0.09,1.35,1673929.02,1129297.086
2239,600016.SH,20090929,6.54,6.68,6.46,6.65,6.5,0.15,2.31,1469674.83,969983.83
2240,600016.SH,20090928,6.64,6.73,6.45,6.5,6.64,-0.14,-2.11,968911.15,641379.049
2241,600016.SH,20090925,6.55,6.7,6.52,6.64,6.64,0.0,0.0,1224373.24,811848.282
2242,600016.SH,20090924,6.39,6.75,6.34,6.64,6.39,0.25,3.91,2381680.22,1558695.422
2243,600016.SH,20090923,6.52,6.62,6.3,6.39,6.5,-0.11,-1.69,1684850.72,1087750.6
2244,600016.SH,20090922,6.65,6.71,6.49,6.5,6.69,-0.19,-2.84,1686489.86,1111957.644
2245,600016.SH,20090921,6.68,6.75,6.49,6.69,6.76,-0.07,-1.04,1733582.63,1144370.397
2246,600016.SH,20090918,7.03,7.05,6.69,6.76,7.02,-0.26,-3.7,2137657.77,1468560.018
2247,600016.SH,20090917,6.95,7.05,6.93,7.02,6.88,0.14,2.03,1580014.03,1105376.543
2248,600016.SH,20090916,7.03,7.07,6.8,6.88,7.06,-0.18,-2.55,1721311.17,1188036.148
2249,600016.SH,20090915,7.09,7.13,7.0,7.06,7.07,-0.01,-0.14,1530552.41,1079796.58
2250,600016.SH,20090914,6.99,7.13,6.98,7.07,6.94,0.13,1.87,2026156.74,1429217.502
2251,600016.SH,20090911,6.62,7.03,6.6,6.94,6.65,0.29,4.36,2976408.29,2040695.512
2252,600016.SH,20090910,6.68,6.7,6.56,6.65,6.71,-0.06,-0.89,1538761.07,1021074.935
2253,600016.SH,20090908,6.58,6.71,6.47,6.71,6.63,0.08,1.21,1623637.98,1074141.837
2254,600016.SH,20090907,6.67,6.79,6.56,6.63,6.61,0.02,0.3,2027300.65,1357964.688
2255,600016.SH,20090904,6.65,6.75,6.52,6.61,6.61,0.0,0.0,1971009.0,1308485.965
2256,600016.SH,20090903,6.4,6.66,6.32,6.61,6.38,0.23,3.61,2791904.03,1825171.532
2257,600016.SH,20090902,6.15,6.41,6.1,6.38,6.19,0.19,3.07,2214538.72,1399500.997
2258,600016.SH,20090901,6.07,6.36,6.07,6.19,6.07,0.12,1.98,2411270.97,1498824.015
2259,600016.SH,20090831,6.42,6.42,6.06,6.07,6.43,-0.36,-5.6,2357014.06,1454849.622
2260,600016.SH,20090828,6.76,6.83,6.35,6.43,6.78,-0.35,-5.16,2917073.13,1895132.284
2261,600016.SH,20090827,6.79,6.96,6.71,6.78,6.86,-0.08,-1.17,1806302.21,1229444.064
2262,600016.SH,20090826,6.71,6.95,6.67,6.86,6.81,0.05,0.73,1889461.58,1290588.132
2263,600016.SH,20090825,7.2,7.2,6.61,6.81,7.25,-0.44,-6.07,3857989.64,2655775.989
2264,600016.SH,20090824,7.37,7.38,7.12,7.25,7.36,-0.11,-1.49,2361269.24,1700443.942
2265,600016.SH,20090821,7.27,7.53,7.18,7.36,7.26,0.1,1.38,2232753.07,1636290.375
2266,600016.SH,20090820,6.99,7.27,6.96,7.26,6.95,0.31,4.46,1890884.08,1349579.964
2267,600016.SH,20090819,7.39,7.45,6.76,6.95,7.21,-0.26,-3.61,2254028.58,1617836.131
2268,600016.SH,20090818,7.1,7.27,7.01,7.21,7.14,0.07,0.98,1221564.17,874247.223
2269,600016.SH,20090817,7.32,7.56,7.13,7.14,7.47,-0.33,-4.42,1880249.78,1372320.679
2270,600016.SH,20090814,7.8,7.8,7.46,7.47,7.83,-0.36,-4.6,1781496.77,1353268.557
2271,600016.SH,20090813,7.72,7.87,7.5,7.83,7.72,0.11,1.42,2333909.02,1796010.806
2272,600016.SH,20090812,7.95,8.05,7.71,7.72,7.94,-0.22,-2.77,1984717.2,1559767.977
2273,600016.SH,20090811,8.02,8.07,7.86,7.94,8.0,-0.06,-0.75,1215871.23,967233.131
2274,600016.SH,20090810,8.12,8.18,7.85,8.0,8.06,-0.06,-0.74,1401665.0,1121677.331
2275,600016.SH,20090807,8.26,8.39,8.02,8.06,8.27,-0.21,-2.54,1399669.71,1145673.653
2276,600016.SH,20090806,8.25,8.44,8.02,8.27,8.3,-0.03,-0.36,1864109.77,1532617.217
2277,600016.SH,20090805,8.46,8.48,8.25,8.3,8.44,-0.14,-1.66,2013502.41,1676160.192
2278,600016.SH,20090804,8.7,8.73,8.32,8.44,8.66,-0.22,-2.54,2486039.11,2097908.704
2279,600016.SH,20090803,8.75,8.76,8.54,8.66,8.7,-0.04,-0.46,1602465.32,1381957.733
2280,600016.SH,20090731,8.7,8.78,8.51,8.7,8.54,0.16,1.87,2022523.46,1753860.315
2281,600016.SH,20090730,8.36,8.68,8.25,8.54,8.22,0.32,3.89,2684781.68,2277433.216
2282,600016.SH,20090729,8.61,8.83,7.91,8.22,8.62,-0.4,-4.64,2826897.09,2407826.857
2283,600016.SH,20090728,8.75,8.78,8.52,8.62,8.75,-0.13,-1.49,1768867.67,1521781.687
2284,600016.SH,20090727,8.73,8.85,8.65,8.75,8.72,0.03,0.34,1887837.18,1651616.79
2285,600016.SH,20090724,8.81,8.87,8.48,8.72,8.79,-0.07,-0.8,2017345.55,1746837.687
2286,600016.SH,20090723,8.42,8.86,8.34,8.79,8.4,0.39,4.64,3015303.02,2607535.789
2287,600016.SH,20090722,8.22,8.47,8.22,8.4,8.19,0.21,2.56,2419229.62,2024195.458
2288,600016.SH,20090721,8.21,8.43,8.14,8.19,8.21,-0.02,-0.24,2842276.66,2355369.939
2289,600016.SH,20090720,8.04,8.24,8.01,8.21,8.08,0.13,1.61,2254995.84,1834535.626
2290,600016.SH,20090717,8.16,8.2,7.95,8.08,8.14,-0.06,-0.74,2331172.51,1886636.724
2291,600016.SH,20090716,7.86,8.25,7.84,8.14,7.83,0.31,3.96,4161066.58,3352740.937
2292,600016.SH,20090715,7.88,7.92,7.74,7.83,7.85,-0.02,-0.25,2245954.48,1754140.338
2293,600016.SH,20090714,7.71,7.85,7.71,7.85,7.67,0.18,2.35,2351197.43,1829968.705
2294,600016.SH,20090713,7.78,7.78,7.65,7.67,7.83,-0.16,-2.04,1884257.45,1450271.366
2295,600016.SH,20090710,7.84,7.9,7.73,7.83,7.84,-0.01,-0.13,1703005.36,1327898.706
2296,600016.SH,20090709,7.87,7.87,7.72,7.84,7.89,-0.05,-0.63,2053693.92,1599580.167
2297,600016.SH,20090708,7.98,8.0,7.67,7.89,8.06,-0.17,-2.11,2928243.35,2296934.96
2298,600016.SH,20090707,8.04,8.27,7.97,8.06,8.04,0.02,0.25,2336209.79,1899870.632
2299,600016.SH,20090706,7.92,8.09,7.84,8.04,7.94,0.1,1.26,2311894.17,1846563.109
2300,600016.SH,20090703,7.94,7.97,7.86,7.94,8.0,-0.06,-0.75,2358141.3,1861183.265
2301,600016.SH,20090702,8.08,8.16,7.89,8.0,8.07,-0.07,-0.87,2843605.39,2274700.58
2302,600016.SH,20090701,7.91,8.13,7.78,8.07,7.92,0.15,1.89,2101469.63,1675570.982
2303,600016.SH,20090630,8.08,8.12,7.87,7.92,8.06,-0.14,-1.74,1427779.97,1134329.315
2304,600016.SH,20090629,7.99,8.12,7.97,8.06,7.99,0.07,0.88,1241643.79,1000901.195
2305,600016.SH,20090626,8.02,8.1,7.91,7.99,7.99,0.0,0.0,1097760.29,879558.441
2306,600016.SH,20090625,8.0,8.14,7.95,7.99,7.94,0.05,0.63,1335835.32,1072048.793
2307,600016.SH,20090624,8.1,8.15,7.89,7.94,8.13,-0.19,-2.34,1746148.78,1392551.993
2308,600016.SH,20090623,7.86,8.3,7.78,8.13,7.86,0.27,3.44,3134119.76,2524169.975
2309,600016.SH,20090619,7.97,8.03,7.84,7.86,7.9,-0.04,-0.51,1928410.31,1530576.752
2310,600016.SH,20090618,7.73,7.98,7.69,7.9,7.74,0.16,2.07,2915162.46,2302137.251
2311,600016.SH,20090617,7.56,7.78,7.37,7.74,7.57,0.17,2.25,2046469.13,1549984.142
2312,600016.SH,20090616,7.58,7.76,7.52,7.57,7.62,-0.05,-0.66,2249659.07,1720474.236
2313,600016.SH,20090615,7.41,7.64,7.33,7.62,7.32,0.3,4.1,2707364.77,2046009.64
2314,600016.SH,20090612,7.38,7.53,7.22,7.32,7.4,-0.08,-1.08,1689007.44,1248229.077
2315,600016.SH,20090611,7.51,7.61,7.32,7.4,7.5,-0.1,-1.33,1812406.59,1351995.223
2316,600016.SH,20090610,7.65,7.76,7.46,7.5,7.6,-0.1,-1.32,1925352.35,1464203.483
2317,600016.SH,20090609,7.7,7.74,7.45,7.6,7.69,-0.09,-1.17,2096205.45,1588775.112
2318,600016.SH,20090608,7.32,7.82,7.32,7.69,7.27,0.42,5.78,2567529.44,1951621.548
2319,600016.SH,20090605,7.36,7.53,7.23,7.27,7.34,-0.07,-0.95,2004195.33,1479599.749
2320,600016.SH,20090604,7.19,7.46,7.13,7.34,7.27,0.07,0.96,2521140.03,1849302.062
2321,600016.SH,20090603,6.89,7.3,6.83,7.27,6.87,0.4,5.82,2890955.59,2060944.465
2322,600016.SH,20090602,6.99,7.05,6.84,6.87,6.96,-0.09,-1.29,1662421.79,1156710.079
2323,600016.SH,20090601,6.82,6.97,6.8,6.96,6.71,0.25,3.73,2954502.38,2035963.257
2324,600016.SH,20090527,6.33,6.86,6.28,6.71,6.28,0.43,6.85,3339482.71,2207749.73
2325,600016.SH,20090526,6.38,6.42,6.28,6.28,6.36,-0.08,-1.26,852017.55,540788.383
2326,600016.SH,20090525,6.1,6.45,6.03,6.44,6.24,0.2,3.21,2036024.09,1288470.71
2327,600016.SH,20090522,6.17,6.28,6.1,6.24,6.2,0.04,0.65,1464034.54,906174.688
2328,600016.SH,20090521,6.45,6.48,6.17,6.2,6.49,-0.29,-4.47,1806268.22,1135909.541
2329,600016.SH,20090520,6.6,6.66,6.48,6.49,6.61,-0.12,-1.82,850902.51,556845.884
2330,600016.SH,20090519,6.61,6.75,6.58,6.61,6.52,0.09,1.38,1915143.77,1275818.817
2331,600016.SH,20090518,6.4,6.53,6.29,6.52,6.48,0.04,0.62,1381012.54,883025.144
2332,600016.SH,20090514,6.49,6.6,6.41,6.48,6.68,-0.2,-2.99,1873783.97,1217382.881
2333,600016.SH,20090513,6.67,6.85,6.58,6.68,6.68,0.0,0.0,2666435.04,1787397.532
2334,600016.SH,20090512,6.37,6.69,6.37,6.68,6.41,0.27,4.21,3301151.93,2175542.522
2335,600016.SH,20090511,6.46,6.92,6.37,6.41,6.4,0.01,0.16,4522435.26,3002999.002
2336,600016.SH,20090508,6.22,6.47,6.17,6.4,6.22,0.18,2.89,4507442.36,2870681.506
2337,600016.SH,20090507,6.0,6.32,6.0,6.22,6.0,0.22,3.67,4088867.26,2529672.822
2338,600016.SH,20090506,5.84,6.14,5.82,6.0,5.76,0.24,4.17,5007421.35,2996466.178
2339,600016.SH,20090505,5.8,5.91,5.72,5.76,5.75,0.01,0.17,1799899.44,1045366.27
2340,600016.SH,20090504,5.6,5.78,5.6,5.75,5.59,0.16,2.86,2305619.71,1313765.825
2341,600016.SH,20090430,5.65,5.68,5.54,5.59,5.68,-0.09,-1.58,1716514.5,963189.69
2342,600016.SH,20090429,5.35,5.71,5.31,5.68,5.37,0.31,5.77,2566450.38,1419457.699
2343,600016.SH,20090428,5.3,5.43,5.28,5.37,5.32,0.05,0.94,1100833.61,590571.012
2344,600016.SH,20090427,5.47,5.49,5.31,5.32,5.51,-0.19,-3.45,1380151.74,742809.895
2345,600016.SH,20090424,5.51,5.61,5.49,5.51,5.51,0.0,0.0,1757401.64,975942.697
2346,600016.SH,20090423,5.5,5.56,5.4,5.51,5.65,-0.14,-2.48,2475026.03,1354614.55
2347,600016.SH,20090422,5.9,5.95,5.51,5.65,5.86,-0.21,-3.58,2875597.9,1655783.056
2348,600016.SH,20090421,5.84,5.92,5.78,5.86,5.91,-0.05,-0.85,1640065.74,957197.494
2349,600016.SH,20090420,5.75,5.95,5.75,5.91,5.75,0.16,2.78,1754903.43,1031009.071
2350,600016.SH,20090417,5.81,5.91,5.74,5.75,5.87,-0.12,-2.04,1951374.4,1132391.917
2351,600016.SH,20090416,5.61,5.97,5.56,5.87,5.62,0.25,4.45,3525491.15,2048395.176
2352,600016.SH,20090415,5.67,5.69,5.53,5.62,5.71,-0.09,-1.58,1947252.4,1092937.558
2353,600016.SH,20090414,5.69,5.75,5.62,5.71,5.71,0.0,0.0,1782652.41,1016237.244
2354,600016.SH,20090413,5.72,5.77,5.63,5.71,5.64,0.07,1.24,2224429.44,1267451.273
2355,600016.SH,20090410,5.65,5.67,5.56,5.64,5.55,0.09,1.62,2229678.39,1252036.158
2356,600016.SH,20090409,5.52,5.63,5.37,5.55,5.52,0.03,0.54,2704752.26,1494782.802
2357,600016.SH,20090408,5.63,5.76,5.47,5.52,5.67,-0.15,-2.65,3345561.67,1882842.392
2358,600016.SH,20090407,5.66,5.77,5.59,5.67,5.65,0.02,0.35,3903237.28,2218613.605
2359,600016.SH,20090403,5.37,5.79,5.33,5.65,5.26,0.39,7.41,7712889.98,4328519.711
2360,600016.SH,20090402,5.14,5.33,5.13,5.26,5.12,0.14,2.73,3811104.02,2002829.368
2361,600016.SH,20090401,5.1,5.17,5.05,5.12,5.08,0.04,0.79,2146086.51,1098420.744
2362,600016.SH,20090331,5.0,5.1,4.96,5.08,5.09,-0.01,-0.2,1836271.32,924802.603
2363,600016.SH,20090330,5.11,5.19,5.08,5.09,5.07,0.02,0.39,1735063.7,888407.979
2364,600016.SH,20090327,5.11,5.13,5.05,5.07,5.08,-0.01,-0.2,2543712.86,1294281.683
2365,600016.SH,20090326,4.93,5.09,4.9,5.08,4.89,0.19,3.89,3197349.32,1600998.072
2366,600016.SH,20090325,4.89,5.02,4.88,4.89,4.93,-0.04,-0.81,1703947.55,843848.387
2367,600016.SH,20090324,5.0,5.07,4.92,4.93,4.84,0.09,1.86,2692085.49,1342220.519
2368,600016.SH,20090320,4.9,4.91,4.79,4.84,4.88,-0.04,-0.82,1524270.62,738451.488
2369,600016.SH,20090319,4.84,4.9,4.81,4.88,4.83,0.05,1.04,1473368.21,716912.334
2370,600016.SH,20090318,4.87,4.93,4.82,4.83,4.87,-0.04,-0.82,1905369.15,927432.433
2371,600016.SH,20090317,4.7,4.91,4.66,4.87,4.72,0.15,3.18,1944904.39,932459.649
2372,600016.SH,20090316,4.63,4.76,4.57,4.72,4.65,0.07,1.51,1287000.34,600067.437
2373,600016.SH,20090313,4.74,4.76,4.65,4.65,4.7,-0.05,-1.06,1467298.03,689504.439
2374,600016.SH,20090312,4.76,4.77,4.65,4.7,4.82,-0.12,-2.49,1234484.3,579552.168
2375,600016.SH,20090310,4.73,4.84,4.68,4.82,4.78,0.04,0.84,1225297.68,580802.49
2376,600016.SH,20090309,4.95,5.09,4.75,4.78,4.88,-0.1,-2.05,2830954.43,1400699.704
2377,600016.SH,20090306,4.87,5.02,4.84,4.88,4.99,-0.11,-2.2,1982264.99,974794.568
2378,600016.SH,20090305,4.96,5.08,4.87,4.99,4.91,0.08,1.63,3889897.1,1934615.131
2379,600016.SH,20090304,4.6,4.95,4.58,4.91,4.59,0.32,6.97,3151168.22,1511369.979
2380,600016.SH,20090303,4.53,4.67,4.49,4.59,4.66,-0.07,-1.5,1144976.25,524274.278
2381,600016.SH,20090302,4.7,4.72,4.5,4.66,4.69,-0.03,-0.64,1596237.14,734916.756
2382,600016.SH,20090227,4.61,4.8,4.58,4.69,4.63,0.06,1.3,2162197.75,1013170.262
2383,600016.SH,20090226,4.79,4.91,4.61,4.63,4.83,-0.2,-4.14,2572020.67,1234626.881
2384,600016.SH,20090225,4.75,5.0,4.57,4.83,4.68,0.15,3.21,3006267.37,1425914.054
2385,600016.SH,20090224,4.9,4.93,4.65,4.68,4.99,-0.31,-6.21,2508716.05,1202412.479
2386,600016.SH,20090223,4.8,5.02,4.73,4.99,4.86,0.13,2.67,2320900.66,1140113.394
2387,600016.SH,20090220,4.74,4.88,4.64,4.86,4.78,0.08,1.67,1829291.94,871518.498
2388,600016.SH,20090219,4.88,4.91,4.7,4.78,4.81,-0.03,-0.62,1758847.38,842771.073
2389,600016.SH,20090218,4.96,5.02,4.76,4.81,5.08,-0.27,-5.32,2524061.54,1238297.114
2390,600016.SH,20090217,5.25,5.3,5.07,5.08,5.24,-0.16,-3.05,3167094.68,1641108.954
2391,600016.SH,20090216,5.06,5.25,5.06,5.24,5.02,0.22,4.38,3534157.93,1819102.648
2392,600016.SH,20090213,4.9,5.03,4.83,5.02,4.88,0.14,2.87,2778096.01,1373213.443
2393,600016.SH,20090212,5.0,5.02,4.8,4.88,5.04,-0.16,-3.17,2346642.54,1146442.279
2394,600016.SH,20090211,4.89,5.13,4.8,5.04,4.99,0.05,1.0,3324611.91,1640758.478
2395,600016.SH,20090210,5.0,5.01,4.85,4.99,5.01,-0.02,-0.4,1820245.63,897643.384
2396,600016.SH,20090209,5.06,5.13,4.95,5.01,4.96,0.05,1.01,2161289.83,1089628.663
2397,600016.SH,20090206,4.83,5.0,4.83,4.96,4.82,0.14,2.9,2134045.71,1054815.48
2398,600016.SH,20090205,4.77,4.98,4.74,4.82,4.79,0.03,0.63,3396816.49,1662278.484
2399,600016.SH,20090204,4.6,4.83,4.58,4.79,4.56,0.23,5.04,3235540.26,1529902.17
2400,600016.SH,20090203,4.48,4.61,4.43,4.56,4.48,0.08,1.79,1794278.9,815029.775
2401,600016.SH,20090202,4.59,4.59,4.45,4.48,4.54,-0.06,-1.32,886978.45,398685.894
2402,600016.SH,20090123,4.58,4.6,4.49,4.54,4.6,-0.06,-1.3,1275138.18,578003.396
2403,600016.SH,20090122,4.55,4.68,4.53,4.6,4.5,0.1,2.22,2132948.58,981050.334
2404,600016.SH,20090121,4.36,4.61,4.35,4.5,4.42,0.08,1.81,2300129.23,1035958.141
2405,600016.SH,20090120,4.4,4.43,4.35,4.42,4.42,0.0,0.0,1409365.72,619541.291
2406,600016.SH,20090119,4.46,4.61,4.4,4.42,4.34,0.08,1.84,3172835.21,1430255.695
2407,600016.SH,20090116,4.22,4.42,4.22,4.34,4.2,0.14,3.33,3512222.18,1532350.818
2408,600016.SH,20090115,4.16,4.24,4.14,4.2,4.21,-0.01,-0.24,1519653.42,639173.961
2409,600016.SH,20090114,4.04,4.23,4.04,4.21,4.04,0.17,4.21,1500364.54,622482.677
2410,600016.SH,20090113,4.09,4.09,4.03,4.04,4.15,-0.11,-2.65,1127088.65,457688.672
2411,600016.SH,20090112,4.16,4.2,4.09,4.15,4.15,0.0,0.0,726829.03,302315.8
2412,600016.SH,20090109,4.11,4.18,4.1,4.15,4.11,0.04,0.97,701726.55,291007.09
2413,600016.SH,20090108,4.13,4.14,4.08,4.11,4.2,-0.09,-2.14,1116321.84,459074.174
2414,600016.SH,20090107,4.26,4.31,4.19,4.2,4.27,-0.07,-1.64,1132423.59,481216.783
2415,600016.SH,20090106,4.18,4.3,4.16,4.27,4.15,0.12,2.89,2065345.99,877337.122
2416,600016.SH,20090105,4.13,4.16,4.08,4.15,4.07,0.08,1.97,947739.82,390960.112
2417,600016.SH,20081231,4.08,4.12,4.04,4.07,4.06,0.01,0.25,580288.26,236205.489
2418,600016.SH,20081230,4.14,4.17,4.04,4.06,4.13,-0.07,-1.69,835245.66,342307.274
2419,600016.SH,20081229,4.12,4.2,4.09,4.13,4.14,-0.01,-0.24,706975.72,292398.888
2420,600016.SH,20081226,4.1,4.16,4.07,4.14,4.09,0.05,1.22,629710.53,259278.384
2421,600016.SH,20081225,4.14,4.17,4.06,4.09,4.12,-0.03,-0.73,584889.3,240187.927
2422,600016.SH,20081224,4.08,4.17,4.06,4.12,4.11,0.01,0.24,828984.19,341923.19
2423,600016.SH,20081223,4.22,4.22,4.1,4.11,4.23,-0.12,-2.84,1223444.6,507488.803
2424,600016.SH,20081222,4.35,4.36,4.18,4.23,4.34,-0.11,-2.53,1230414.18,522861.526
2425,600016.SH,20081219,4.32,4.42,4.31,4.34,4.37,-0.03,-0.69,1492600.2,652060.516
2426,600016.SH,20081218,4.21,4.4,4.16,4.37,4.21,0.16,3.8,1579346.37,678793.961
2427,600016.SH,20081217,4.28,4.28,4.18,4.21,4.25,-0.04,-0.94,1267229.14,535450.981
2428,600016.SH,20081216,4.2,4.27,4.12,4.25,4.26,-0.01,-0.23,888275.25,371453.568
2429,600016.SH,20081215,4.32,4.35,4.18,4.26,4.24,0.02,0.47,900845.35,384687.392
2430,600016.SH,20081212,4.4,4.43,4.2,4.24,4.44,-0.2,-4.5,1371464.3,589567.856
2431,600016.SH,20081211,4.55,4.6,4.42,4.44,4.62,-0.18,-3.9,1829234.32,826916.393
2432,600016.SH,20081210,4.37,4.65,4.36,4.62,4.4,0.22,5.0,2834640.51,1282374.398
2433,600016.SH,20081209,4.58,4.58,4.39,4.4,4.54,-0.14,-3.08,2150435.74,965562.14
2434,600016.SH,20081208,4.39,4.57,4.33,4.54,4.33,0.21,4.85,3341371.7,1500853.736
2435,600016.SH,20081205,4.26,4.36,4.23,4.33,4.29,0.04,0.93,1632166.17,702374.558
2436,600016.SH,20081204,4.31,4.45,4.28,4.29,4.25,0.04,0.94,3290717.37,1434344.623
2437,600016.SH,20081203,4.1,4.26,4.07,4.25,4.04,0.21,5.2,2631318.88,1094337.779
2438,600016.SH,20081202,3.97,4.08,3.93,4.04,4.05,-0.01,-0.25,1174266.92,469692.379
2439,600016.SH,20081201,4.0,4.07,3.96,4.05,4.01,0.04,1.0,973466.74,391918.088
2440,600016.SH,20081128,4.1,4.13,3.98,4.01,4.13,-0.12,-2.91,1758288.14,706479.089
2441,600016.SH,20081127,4.37,4.4,4.11,4.13,4.14,-0.01,-0.24,2543870.7,1086278.316
2442,600016.SH,20081126,4.18,4.24,4.11,4.14,4.18,-0.04,-0.96,1136266.45,473591.076
2443,600016.SH,20081125,4.32,4.34,4.12,4.18,4.21,-0.03,-0.71,953222.54,402116.752
2444,600016.SH,20081124,4.42,4.42,4.2,4.21,4.43,-0.22,-4.97,1226605.02,525191.459
2445,600016.SH,20081121,4.35,4.58,4.23,4.43,4.62,-0.19,-4.11,1893852.57,835116.969
2446,600016.SH,20081119,4.36,4.68,4.31,4.62,4.35,0.27,6.21,1639321.67,739311.204
2447,600016.SH,20081118,4.69,4.8,4.31,4.35,4.73,-0.38,-8.03,2013861.66,921805.683
2448,600016.SH,20081117,4.65,4.74,4.6,4.73,4.67,0.06,1.28,1620849.8,758804.159
2449,600016.SH,20081114,4.63,4.7,4.56,4.67,4.56,0.11,2.41,1845974.44,855368.08
2450,600016.SH,20081113,4.33,4.7,4.29,4.56,4.41,0.15,3.4,2258095.12,1015939.068
2451,600016.SH,20081112,4.31,4.45,4.28,4.41,4.37,0.04,0.92,935959.31,410172.37
2452,600016.SH,20081111,4.45,4.49,4.35,4.37,4.51,-0.14,-3.1,1415623.76,625673.968
2453,600016.SH,20081110,4.3,4.53,4.25,4.51,4.17,0.34,8.15,2186672.29,959990.256
2454,600016.SH,20081107,3.99,4.24,3.98,4.17,4.07,0.1,2.46,991508.59,411537.534
2455,600016.SH,20081106,4.08,4.12,4.03,4.07,4.22,-0.15,-3.55,690022.47,280842.493
2456,600016.SH,20081105,4.09,4.36,4.07,4.22,4.06,0.16,3.94,1616626.07,681383.241
2457,600016.SH,20081104,4.04,4.08,3.99,4.06,4.05,0.01,0.25,578612.63,233558.638
2458,600016.SH,20081103,4.01,4.13,3.99,4.05,4.03,0.02,0.5,667272.24,272565.971
2459,600016.SH,20081031,4.09,4.12,4.02,4.03,4.1,-0.07,-1.71,554888.28,225374.405
2460,600016.SH,20081030,4.08,4.2,3.94,4.1,4.04,0.06,1.49,1427980.7,585982.751
2461,600016.SH,20081029,4.18,4.24,4.03,4.04,4.14,-0.1,-2.42,1205696.34,500725.394
2462,600016.SH,20081028,3.8,4.2,3.78,4.14,3.89,0.25,6.43,1371651.88,554937.272
2463,600016.SH,20081027,4.06,4.06,3.88,3.89,4.13,-0.24,-5.81,1186937.85,472879.388
2464,600016.SH,20081024,4.25,4.28,4.11,4.13,4.26,-0.13,-3.05,984624.28,411647.872
2465,600016.SH,20081023,4.29,4.29,4.15,4.26,4.36,-0.1,-2.29,1123147.34,472970.999
2466,600016.SH,20081022,4.37,4.46,4.33,4.36,4.45,-0.09,-2.02,682540.94,299167.674
2467,600016.SH,20081021,4.49,4.61,4.44,4.45,4.48,-0.03,-0.67,884775.35,401315.275
2468,600016.SH,20081020,4.32,4.5,4.29,4.48,4.34,0.14,3.23,784645.71,345742.603
2469,600016.SH,20081017,4.38,4.4,4.31,4.34,4.31,0.03,0.7,447894.8,195083.562
2470,600016.SH,20081016,4.3,4.4,4.26,4.31,4.5,-0.19,-4.22,742505.22,320912.451
2471,600016.SH,20081015,4.47,4.55,4.4,4.5,4.48,0.02,0.45,606540.43,271409.328
2472,600016.SH,20081014,4.86,4.87,4.46,4.48,4.7,-0.22,-4.68,1552835.03,733843.709
2473,600016.SH,20081013,4.31,4.74,4.22,4.7,4.31,0.39,9.05,1604293.43,725351.075
2474,600016.SH,20081010,4.28,4.38,4.19,4.31,4.47,-0.16,-3.58,1196341.75,512126.524
2475,600016.SH,20081009,4.6,4.61,4.46,4.47,4.49,-0.02,-0.45,874791.65,395731.485
2476,600016.SH,20081008,4.6,4.67,4.42,4.49,4.76,-0.27,-5.67,1078319.15,487688.2
2477,600016.SH,20081007,4.5,4.85,4.47,4.76,4.71,0.05,1.06,681678.57,320251.432
2478,600016.SH,20081006,5.08,5.08,4.69,4.71,5.16,-0.45,-8.72,998337.69,487025.05
2479,600016.SH,20080926,5.21,5.22,5.07,5.16,5.17,-0.01,-0.19,972717.45,500765.837
2480,600016.SH,20080925,5.09,5.3,5.03,5.17,5.06,0.11,2.17,1614473.66,837376.939
2481,600016.SH,20080924,4.96,5.08,4.8,5.06,5.11,-0.05,-0.98,1007360.93,497594.05
2482,600016.SH,20080923,5.17,5.32,5.08,5.11,5.45,-0.34,-6.24,2283728.75,1182493.524
2483,600016.SH,20080922,5.45,5.45,5.08,5.45,4.95,0.5,10.1,5232272.59,2818321.544
2484,600016.SH,20080919,4.95,4.95,4.83,4.95,4.5,0.45,10.0,1125390.37,556451.961
2485,600016.SH,20080918,4.14,4.6,4.1,4.5,4.33,0.17,3.93,1633180.68,714131.576
2486,600016.SH,20080917,4.67,4.73,4.29,4.33,4.74,-0.41,-8.65,1493670.74,665127.557
2487,600016.SH,20080916,5.1,5.1,4.73,4.74,5.26,-0.52,-9.89,1621761.88,776332.853
2488,600016.SH,20080912,5.29,5.32,5.2,5.26,5.29,-0.03,-0.57,358994.5,188850.732
2489,600016.SH,20080911,5.46,5.46,5.23,5.29,5.47,-0.18,-3.29,663754.6,353058.994
2490,600016.SH,20080910,5.4,5.56,5.34,5.47,5.45,0.02,0.37,476086.0,260034.67
2491,600016.SH,20080909,5.45,5.48,5.38,5.45,5.42,0.03,0.55,436346.59,236611.479
2492,600016.SH,20080908,5.54,5.57,5.37,5.42,5.49,-0.07,-1.28,569332.66,309827.568
2493,600016.SH,20080905,5.49,5.57,5.42,5.49,5.64,-0.15,-2.66,451185.74,248276.289
2494,600016.SH,20080904,5.55,5.67,5.52,5.64,5.57,0.07,1.26,404692.87,226002.547
2495,600016.SH,20080903,5.7,5.76,5.51,5.57,5.74,-0.17,-2.96,768061.3,430109.286
2496,600016.SH,20080902,5.8,5.81,5.64,5.74,5.86,-0.12,-2.05,665878.02,380427.2
2497,600016.SH,20080901,6.01,6.04,5.78,5.86,6.08,-0.22,-3.62,995714.43,585553.948
2498,600016.SH,20080829,6.07,6.16,5.88,6.08,5.99,0.09,1.5,1792257.77,1086615.943
2499,600016.SH,20080828,5.99,6.08,5.92,5.99,5.94,0.05,0.84,646858.48,388207.943
2500,600016.SH,20080827,5.91,6.05,5.84,5.94,5.97,-0.03,-0.5,879567.53,523996.259
2501,600016.SH,20080826,5.8,6.11,5.76,5.97,5.89,0.08,1.36,995917.75,591824.392
2502,600016.SH,20080825,5.81,6.02,5.74,5.89,5.79,0.1,1.73,561370.27,332450.747
2503,600016.SH,20080822,5.9,5.94,5.71,5.79,5.91,-0.12,-2.03,449610.15,261247.348
2504,600016.SH,20080821,6.0,6.1,5.86,5.91,6.13,-0.22,-3.59,721819.34,430505.656
2505,600016.SH,20080820,5.55,6.15,5.53,6.13,5.61,0.52,9.27,1062035.95,632166.463
2506,600016.SH,20080819,5.41,5.65,5.39,5.61,5.45,0.16,2.94,381641.07,212846.306
2507,600016.SH,20080818,5.72,5.74,5.43,5.45,5.68,-0.23,-4.05,370976.02,206300.847
2508,600016.SH,20080815,5.61,5.75,5.55,5.68,5.6,0.08,1.43,450248.1,255926.794
2509,600016.SH,20080814,5.54,5.63,5.48,5.6,5.58,0.02,0.36,323672.46,180601.449
2510,600016.SH,20080813,5.59,5.66,5.4,5.58,5.64,-0.06,-1.06,536445.36,296664.157
2511,600016.SH,20080812,5.62,5.73,5.55,5.64,5.64,0.0,0.0,475838.92,268371.108
2512,600016.SH,20080811,5.81,6.0,5.62,5.64,5.83,-0.19,-3.26,940333.38,543085.675
2513,600016.SH,20080808,6.1,6.12,5.8,5.83,6.09,-0.26,-4.27,815803.16,485199.838
2514,600016.SH,20080807,6.19,6.24,6.04,6.09,6.19,-0.1,-1.62,705015.08,433389.321
2515,600016.SH,20080806,6.11,6.22,6.02,6.19,6.01,0.18,3.0,1086365.47,666948.409
2516,600016.SH,20080805,6.1,6.16,5.98,6.01,6.04,-0.03,-0.5,702957.24,426888.361
2517,600016.SH,20080804,6.1,6.25,6.02,6.04,6.18,-0.14,-2.27,701370.36,430185.896
2518,600016.SH,20080801,5.96,6.3,5.9,6.18,5.96,0.22,3.69,1110852.7,681164.698
2519,600016.SH,20080731,6.14,6.16,5.95,5.96,6.11,-0.15,-2.46,644166.68,388373.121
2520,600016.SH,20080730,6.23,6.26,6.09,6.11,6.16,-0.05,-0.81,860940.67,530514.863
2521,600016.SH,20080729,6.2,6.24,6.08,6.16,6.3,-0.14,-2.22,904903.0,556542.868
2522,600016.SH,20080728,6.33,6.48,6.29,6.3,6.27,0.03,0.48,1507374.59,962215.163
2523,600016.SH,20080725,6.2,6.41,6.14,6.27,6.3,-0.03,-0.48,1615892.74,1012268.045
2524,600016.SH,20080724,6.12,6.33,6.12,6.3,6.06,0.24,3.96,2143140.07,1334153.107
2525,600016.SH,20080723,6.18,6.21,6.03,6.06,6.13,-0.07,-1.14,882914.3,540112.005
2526,600016.SH,20080722,6.12,6.17,6.05,6.13,6.18,-0.05,-0.81,930203.81,567991.931
2527,600016.SH,20080721,5.95,6.2,5.88,6.18,6.04,0.14,2.32,1060894.44,644932.417
2528,600016.SH,20080718,5.7,6.06,5.65,6.04,5.59,0.45,8.05,1111789.93,647910.333
2529,600016.SH,20080717,5.85,5.9,5.56,5.59,5.69,-0.1,-1.76,743406.08,425132.69
2530,600016.SH,20080716,5.82,5.9,5.61,5.69,5.89,-0.2,-3.4,700259.14,403319.58
2531,600016.SH,20080715,6.29,6.31,5.82,5.89,6.24,-0.35,-5.61,1052376.49,635885.664
2532,600016.SH,20080714,6.14,6.32,6.1,6.24,6.17,0.07,1.13,569185.48,354153.965
2533,600016.SH,20080711,6.22,6.28,6.1,6.17,6.23,-0.06,-0.96,779510.84,479776.925
2534,600016.SH,20080710,6.23,6.48,6.18,6.23,6.33,-0.1,-1.58,1249616.34,789591.026
2535,600016.SH,20080709,6.09,6.51,6.09,6.33,6.03,0.3,4.98,1790405.82,1128421.894
2536,600016.SH,20080708,6.05,6.17,5.96,6.03,5.91,0.12,2.03,1295394.92,786635.023
2537,600016.SH,20080707,5.58,5.95,5.56,5.91,5.55,0.36,6.49,877520.51,510617.793
2538,600016.SH,20080704,5.57,5.68,5.47,5.55,5.5,0.05,0.91,517370.84,288149.727
2539,600016.SH,20080703,5.35,5.68,5.28,5.5,5.46,0.04,0.73,646853.78,355609.097
2540,600016.SH,20080702,5.42,5.49,5.35,5.46,5.41,0.05,0.92,392353.52,212144.931
2541,600016.SH,20080701,5.71,5.74,5.38,5.41,5.7,-0.29,-5.09,545286.09,300856.819
2542,600016.SH,20080630,5.73,5.9,5.63,5.7,5.74,-0.04,-0.7,351813.47,201761.723
2543,600016.SH,20080627,5.88,5.91,5.66,5.74,6.08,-0.34,-5.59,629575.02,364281.324
2544,600016.SH,20080626,6.18,6.19,6.0,6.08,6.16,-0.08,-1.3,697950.02,424545.822
2545,600016.SH,20080625,5.99,6.2,5.96,6.16,5.99,0.17,2.84,778082.89,476454.973
2546,600016.SH,20080624,5.85,6.05,5.82,5.99,5.85,0.14,2.39,451611.9,269262.589
2547,600016.SH,20080623,5.79,5.98,5.69,5.85,5.89,-0.04,-0.68,452518.28,265201.336
2548,600016.SH,20080620,5.68,6.07,5.51,5.89,5.65,0.24,4.25,992994.35,580599.011
2549,600016.SH,20080619,6.1,6.11,5.6,5.65,6.21,-0.56,-9.02,723644.66,423705.968
2550,600016.SH,20080618,5.89,6.25,5.76,6.21,5.96,0.25,4.19,1098109.55,663135.489
2551,600016.SH,20080617,6.09,6.15,5.92,5.96,6.06,-0.1,-1.65,594522.26,359653.521
2552,600016.SH,20080616,6.0,6.22,5.9,6.06,5.94,0.12,2.02,699293.37,425178.405
2553,600016.SH,20080613,6.01,6.08,5.88,5.94,5.96,-0.02,-0.34,630416.19,377722.472
2554,600016.SH,20080612,6.06,6.11,5.84,5.96,6.09,-0.13,-2.13,687654.13,410414.243
2555,600016.SH,20080611,6.25,6.29,6.03,6.09,6.3,-0.21,-3.33,587669.22,359590.202
2556,600016.SH,20080610,6.7,6.75,6.3,6.3,7.0,-0.7,-10.0,882735.67,569003.416
2557,600016.SH,20080606,7.03,7.07,6.96,7.0,7.0,0.0,0.0,376449.54,263541.923
2558,600016.SH,20080605,7.0,7.08,6.93,7.0,7.03,-0.03,-0.43,349149.28,244379.89
2559,600016.SH,20080604,7.08,7.12,6.95,7.03,7.1,-0.07,-0.99,549267.95,384729.791
2560,600016.SH,20080603,7.19,7.22,7.08,7.1,7.23,-0.13,-1.8,470731.17,335819.424
2561,600016.SH,20080602,7.18,7.3,7.11,7.23,7.21,0.02,0.28,499979.51,359630.171
2562,600016.SH,20080530,7.12,7.3,7.12,7.21,7.09,0.12,1.69,595796.55,429985.997
2563,600016.SH,20080529,7.3,7.32,7.08,7.09,7.37,-0.28,-3.8,645111.79,465165.119
2564,600016.SH,20080528,7.14,7.46,7.05,7.37,7.12,0.25,3.51,844794.27,613092.39
2565,600016.SH,20080527,7.09,7.17,7.04,7.12,7.06,0.06,0.85,440359.15,312840.071
2566,600016.SH,20080526,7.2,7.26,7.0,7.06,7.32,-0.26,-3.55,717939.91,509050.735
2567,600016.SH,20080523,7.34,7.49,7.2,7.32,7.43,-0.11,-1.48,718033.15,526539.673
2568,600016.SH,20080522,7.5,7.55,7.34,7.43,7.63,-0.2,-2.62,680664.64,506323.044
2569,600016.SH,20080521,7.52,7.71,7.28,7.63,7.6,0.03,0.39,818544.72,609890.782
2570,600016.SH,20080520,7.95,8.04,7.51,7.6,7.95,-0.35,-4.4,778169.84,609974.717
2571,600016.SH,20080519,8.05,8.06,7.87,7.95,8.05,-0.1,-1.24,477426.42,380167.956
2572,600016.SH,20080516,8.01,8.17,7.94,8.05,7.98,0.07,0.88,804386.58,646867.311
2573,600016.SH,20080515,8.21,8.24,7.95,7.98,8.07,-0.09,-1.12,1143340.23,925837.161
2574,600016.SH,20080514,7.74,8.11,7.74,8.07,7.73,0.34,4.4,1313604.06,1046376.996
2575,600016.SH,20080513,7.7,7.91,7.65,7.73,7.97,-0.24,-3.01,785480.74,610325.253
2576,600016.SH,20080512,7.79,8.1,7.62,7.97,7.94,0.03,0.38,891094.91,701155.428
2577,600016.SH,20080509,8.33,8.38,7.8,7.94,8.25,-0.31,-3.76,1434573.45,1148181.462
2578,600016.SH,20080508,8.1,8.25,8.01,8.25,8.22,0.03,0.37,880743.72,716192.539
2579,600016.SH,20080507,8.6,8.74,8.2,8.22,8.5,-0.28,-3.29,1078383.57,917372.29
2580,600016.SH,20080506,8.7,8.7,8.4,8.5,8.76,-0.26,-2.97,1158681.79,991458.703
2581,600016.SH,20080505,8.83,8.93,8.54,8.76,8.76,0.0,0.0,1521372.01,1324932.363
2582,600016.SH,20080430,8.36,8.83,8.35,8.76,8.3,0.46,5.54,2307666.03,1991230.916
2583,600016.SH,20080429,8.3,8.51,8.21,8.3,8.3,0.0,0.0,951230.69,796174.621
2584,600016.SH,20080428,8.4,8.58,8.25,8.3,8.56,-0.26,-3.04,1082848.58,910427.459
2585,600016.SH,20080425,8.5,8.85,8.46,8.56,8.65,-0.09,-1.04,2125995.4,1838224.532
2586,600016.SH,20080424,8.63,8.65,8.25,8.65,7.86,0.79,10.05,2909088.35,2491960.857
2587,600016.SH,20080423,7.38,7.96,7.33,7.86,7.45,0.41,5.5,1279148.23,987205.934
2588,600016.SH,20080422,6.95,7.5,6.9,7.45,7.09,0.36,5.08,923005.44,663453.944
2589,600016.SH,20080421,7.48,7.49,7.0,7.09,6.94,0.15,2.16,1015835.88,733571.754
2590,600016.SH,20080418,7.2,7.29,6.89,6.94,7.28,-0.34,-4.67,876530.46,615849.609
2591,600016.SH,20080417,7.76,7.92,7.2,7.28,7.78,-0.5,-6.43,948396.56,707644.407
2592,600016.SH,20080416,8.0,8.1,7.72,7.78,8.09,-0.31,-3.83,686001.03,539268.233
2593,600016.SH,20080415,8.06,8.15,7.6,8.09,8.09,0.0,0.0,659652.73,518165.523
2594,600016.SH,20080414,8.57,8.64,8.0,8.09,8.73,-0.64,-7.33,752692.33,621131.36
2595,600016.SH,20080411,8.8,8.91,8.63,8.73,8.64,0.09,1.04,462712.84,406019.667
2596,600016.SH,20080410,8.51,8.73,8.39,8.64,8.6,0.04,0.47,538618.91,461560.8
2597,600016.SH,20080409,9.08,9.09,8.58,8.6,9.15,-0.55,-6.01,997839.63,877161.026
2598,600016.SH,20080408,9.0,9.18,8.9,9.15,9.17,-0.02,-0.22,965641.69,871882.118
2599,600016.SH,20080407,8.9,9.24,8.75,9.17,8.88,0.29,3.27,673667.15,612699.133
2600,600016.SH,20080403,11.09,11.61,10.92,11.59,11.19,0.4,3.57,640286.3,724366.456
2601,600016.SH,20080402,10.9,11.49,10.81,11.19,10.65,0.54,5.07,1308895.84,1459669.915
2602,600016.SH,20080401,10.78,11.18,10.46,10.65,10.71,-0.06,-0.56,745299.88,807999.147
2603,600016.SH,20080331,10.69,10.94,10.6,10.71,11.08,-0.37,-3.34,663606.64,713984.316
2604,600016.SH,20080328,10.38,11.15,10.25,11.08,10.41,0.67,6.44,1110328.83,1202824.976
2605,600016.SH,20080327,10.8,10.87,10.26,10.41,11.07,-0.66,-5.96,1088072.16,1148231.846
2606,600016.SH,20080326,11.43,11.72,11.02,11.07,11.39,-0.32,-2.81,725160.53,821273.676
2607,600016.SH,20080325,11.07,11.59,10.8,11.39,11.96,-0.57,-4.77,1149997.89,1288641.614
2608,600016.SH,20080321,12.12,12.25,11.79,11.96,12.08,-0.12,-0.99,423172.44,508091.189
2609,600016.SH,20080320,11.71,12.23,11.2,12.08,11.91,0.17,1.43,569589.45,671256.662
2610,600016.SH,20080319,11.95,12.1,11.69,11.91,11.6,0.31,2.67,674273.56,804935.735
2611,600016.SH,20080318,11.88,12.23,11.5,11.6,11.94,-0.34,-2.85,494593.53,583665.755
2612,600016.SH,20080317,12.25,12.36,11.8,11.94,12.34,-0.4,-3.24,511181.38,615831.026
2613,600016.SH,20080314,12.61,12.68,12.07,12.34,12.53,-0.19,-1.52,443967.65,547175.416
2614,600016.SH,20080313,12.38,12.83,12.3,12.53,12.56,-0.03,-0.24,414522.66,520443.548
2615,600016.SH,20080312,13.12,13.19,12.46,12.56,12.82,-0.26,-2.03,345799.68,442767.405
2616,600016.SH,20080311,12.69,12.84,12.38,12.82,12.68,0.14,1.1,441105.22,555875.069
2617,600016.SH,20080310,13.45,13.45,12.6,12.68,13.52,-0.84,-6.21,765629.4,989546.888
2618,600016.SH,20080307,13.5,13.84,13.32,13.52,13.72,-0.2,-1.46,393132.07,535428.767
2619,600016.SH,20080306,13.48,14.03,13.12,13.72,13.42,0.3,2.24,723701.28,992243.62
2620,600016.SH,20080305,13.71,13.98,13.0,13.42,13.58,-0.16,-1.18,667667.86,896079.618
2621,600016.SH,20080304,14.91,14.91,13.52,13.58,13.91,-0.33,-2.37,962676.26,1332716.935
2622,600016.SH,20080303,13.59,14.1,13.39,13.91,13.71,0.2,1.46,557208.63,772946.337
2623,600016.SH,20080229,13.45,13.9,13.41,13.71,13.52,0.19,1.41,424113.71,583497.867
2624,600016.SH,20080228,13.59,13.76,13.43,13.52,13.63,-0.11,-0.81,392411.79,534853.091
2625,600016.SH,20080227,13.1,13.88,13.02,13.63,12.98,0.65,5.01,1140083.41,1552796.178
2626,600016.SH,20080226,12.95,13.06,12.6,12.98,12.36,0.62,5.02,720672.4,925862.116
2627,600016.SH,20080225,12.5,12.68,12.16,12.36,12.49,-0.13,-1.04,417149.55,514140.257
2628,600016.SH,20080222,13.01,13.01,12.37,12.49,13.07,-0.58,-4.44,579843.84,730622.475
2629,600016.SH,20080221,13.3,13.5,12.96,13.07,13.33,-0.26,-1.95,437650.33,573618.651
2630,600016.SH,20080220,13.84,13.95,13.3,13.33,13.89,-0.56,-4.03,677878.47,914599.87
2631,600016.SH,20080219,13.65,14.04,13.52,13.89,13.35,0.54,4.04,727159.05,1003418.229
2632,600016.SH,20080215,13.37,13.53,13.13,13.35,13.58,-0.23,-1.69,246437.56,327994.521
2633,600016.SH,20080214,13.52,13.72,13.4,13.58,13.31,0.27,2.03,319855.86,435314.247
2634,600016.SH,20080213,13.22,13.65,13.1,13.31,13.65,-0.34,-2.49,224591.74,300903.253
2635,600016.SH,20080205,13.6,13.9,13.4,13.65,13.46,0.19,1.41,752941.31,1031671.02
2636,600016.SH,20080204,12.63,13.46,12.63,13.46,12.24,1.22,9.97,1070913.7,1409186.813
2637,600016.SH,20080201,12.07,12.45,11.86,12.24,12.0,0.24,2.0,888945.03,1085268.695
2638,600016.SH,20080131,12.28,12.3,11.88,12.0,12.22,-0.22,-1.8,905671.3,1094492.755
2639,600016.SH,20080130,12.83,12.99,11.78,12.22,12.8,-0.58,-4.53,757474.43,933165.359
2640,600016.SH,20080129,12.92,13.28,12.5,12.8,12.88,-0.08,-0.62,629749.03,805904.802
2641,600016.SH,20080128,13.68,13.77,12.8,12.88,13.9,-1.02,-7.34,702327.33,925781.996
2642,600016.SH,20080125,13.54,14.01,13.23,13.9,13.54,0.36,2.66,1048354.74,1434851.059
2643,600016.SH,20080124,13.72,13.83,13.2,13.54,13.55,-0.01,-0.07,715647.57,969616.543
2644,600016.SH,20080123,13.62,13.84,13.13,13.55,13.13,0.42,3.2,952359.16,1283275.952
2645,600016.SH,20080122,13.95,14.24,12.82,13.13,14.17,-1.04,-7.34,1635098.63,2221587.421
2646,600016.SH,20080121,14.89,14.98,14.08,14.17,14.88,-0.71,-4.77,857450.97,1238480.307
2647,600016.SH,20080118,15.01,15.2,14.75,14.88,15.05,-0.17,-1.13,725026.96,1085130.978
2648,600016.SH,20080117,14.95,15.24,14.61,15.05,15.05,0.0,0.0,1086633.87,1623077.695
2649,600016.SH,20080116,15.7,15.75,15.01,15.05,15.88,-0.83,-5.23,1445430.26,2209542.321
2650,600016.SH,20080115,16.13,16.4,15.81,15.88,16.12,-0.24,-1.49,952384.25,1529828.218
2651,600016.SH,20080114,16.34,16.47,15.96,16.12,16.22,-0.1,-0.62,1302819.12,2112326.276
2652,600016.SH,20080111,15.58,16.23,15.58,16.22,15.51,0.71,4.58,2911926.6,4655608.141
2653,600016.SH,20080110,15.55,15.68,15.29,15.51,15.47,0.04,0.26,970954.27,1503278.733
2654,600016.SH,20080109,15.38,15.73,15.31,15.47,15.4,0.07,0.45,807287.18,1253199.127
2655,600016.SH,20080108,15.42,15.89,15.24,15.4,15.31,0.09,0.59,1519645.56,2376230.167
2656,600016.SH,20080107,15.08,15.4,14.98,15.31,15.01,0.3,2.0,1215258.83,1855429.481
2657,600016.SH,20080104,14.86,15.1,14.86,15.01,14.83,0.18,1.21,1028210.8,1543356.491
2658,600016.SH,20080103,14.99,15.05,14.6,14.83,14.98,-0.15,-1.0,832573.99,1227842.058
2659,600016.SH,20080102,14.9,15.1,14.75,14.98,14.82,0.16,1.08,895396.84,1340570.575
2660,600016.SH,20071228,14.86,15.1,14.6,14.82,14.82,0.0,0.0,1277854.77,1911326.87
2661,600016.SH,20071227,14.51,14.85,14.34,14.82,14.49,0.33,2.28,1196777.29,1748715.268
2662,600016.SH,20071226,14.74,14.84,14.35,14.49,14.75,-0.26,-1.76,1360767.37,1975997.195
2663,600016.SH,20071225,14.99,15.0,14.7,14.75,14.96,-0.21,-1.4,604248.51,895433.812
2664,600016.SH,20071224,14.75,15.03,14.6,14.96,14.68,0.28,1.91,1135261.99,1683392.939
2665,600016.SH,20071221,14.63,14.85,14.55,14.68,14.76,-0.08,-0.54,774481.62,1137143.129
2666,600016.SH,20071220,14.56,14.82,14.44,14.76,14.52,0.24,1.65,728155.13,1069351.525
2667,600016.SH,20071219,14.39,14.57,14.29,14.52,14.28,0.24,1.68,705427.22,1019109.536
2668,600016.SH,20071218,14.1,14.35,14.01,14.28,14.19,0.09,0.63,537249.06,762053.818
2669,600016.SH,20071217,14.88,14.88,14.17,14.19,14.9,-0.71,-4.77,1178820.67,1693104.436
2670,600016.SH,20071214,14.6,14.93,14.5,14.9,14.73,0.17,1.15,572621.99,840724.378
2671,600016.SH,20071213,14.96,15.14,14.72,14.73,15.09,-0.36,-2.39,995738.21,1482654.2
2672,600016.SH,20071212,15.16,15.27,14.8,15.09,15.29,-0.2,-1.31,1196602.87,1790275.18
2673,600016.SH,20071211,15.58,15.58,15.05,15.29,15.55,-0.26,-1.67,1135525.21,1731226.186
2674,600016.SH,20071210,15.05,15.6,15.03,15.55,15.65,-0.1,-0.64,1121621.18,1720480.272
2675,600016.SH,20071207,15.57,15.7,15.41,15.65,15.54,0.11,0.71,409770.29,637524.949
2676,600016.SH,20071206,15.58,15.73,15.35,15.54,15.5,0.04,0.26,573128.61,891629.053
2677,600016.SH,20071205,15.3,15.53,15.22,15.5,15.3,0.2,1.31,575337.63,888155.71
2678,600016.SH,20071204,15.24,15.6,15.24,15.3,15.15,0.15,0.99,500107.49,769937.907
2679,600016.SH,20071203,14.95,15.35,14.86,15.15,15.1,0.05,0.33,460648.07,698012.637
2680,600016.SH,20071130,15.48,15.48,14.99,15.1,15.58,-0.48,-3.08,897477.73,1359663.389
2681,600016.SH,20071129,15.05,15.64,14.73,15.58,14.79,0.79,5.34,1720673.11,2613311.713
2682,600016.SH,20071128,15.25,15.39,14.66,14.79,15.21,-0.42,-2.76,796715.46,1193964.945
2683,600016.SH,20071127,15.5,15.73,15.19,15.21,15.7,-0.49,-3.12,822216.86,1264595.278
2684,600016.SH,20071126,16.2,16.26,15.67,15.7,16.01,-0.31,-1.94,754916.15,1200991.032
2685,600016.SH,20071123,15.5,16.08,15.46,16.01,15.63,0.38,2.43,439958.84,693000.882
2686,600016.SH,20071122,15.71,16.1,15.47,15.63,15.98,-0.35,-2.19,736434.11,1163275.394
2687,600016.SH,20071121,16.42,16.52,15.93,15.98,16.42,-0.44,-2.68,666641.75,1078486.946
2688,600016.SH,20071120,15.76,16.5,15.59,16.42,15.89,0.53,3.34,1016006.25,1624575.999
2689,600016.SH,20071119,16.35,16.4,15.7,15.89,16.29,-0.4,-2.46,1091991.14,1739037.145
2690,600016.SH,20071116,16.2,16.43,16.08,16.29,16.48,-0.19,-1.15,770652.23,1247869.505
2691,600016.SH,20071115,16.51,16.98,16.39,16.48,16.79,-0.31,-1.85,948148.9,1575795.775
2692,600016.SH,20071114,16.45,16.87,16.0,16.79,16.36,0.43,2.63,1764917.13,2897241.326
2693,600016.SH,20071113,17.91,18.04,16.0,16.36,17.61,-1.25,-7.1,3016665.52,5138034.258
2694,600016.SH,20071112,17.06,17.9,17.01,17.61,17.51,0.1,0.57,2533288.58,4446330.454
2695,600016.SH,20071109,16.83,17.66,16.59,17.51,16.8,0.71,4.23,2547712.75,4389790.66
2696,600016.SH,20071108,17.21,17.64,16.69,16.8,17.39,-0.59,-3.39,2001704.23,3461684.108
2697,600016.SH,20071107,16.76,17.4,16.76,17.39,16.61,0.78,4.7,2336141.89,4002555.886
2698,600016.SH,20071106,16.38,16.78,16.34,16.61,16.37,0.24,1.47,655275.07,1084943.797
2699,600016.SH,20071105,16.25,16.84,16.13,16.37,16.4,-0.03,-0.18,633464.13,1045258.362
2700,600016.SH,20071102,16.66,16.92,16.35,16.4,16.95,-0.55,-3.24,1017998.82,1689371.768
2701,600016.SH,20071101,16.89,17.23,16.66,16.95,16.99,-0.04,-0.24,1680582.49,2867265.988
2702,600016.SH,20071031,17.05,17.1,16.5,16.99,16.82,0.17,1.01,1474447.23,2486186.253
2703,600016.SH,20071030,16.76,17.05,16.46,16.82,16.68,0.14,0.84,977144.47,1644574.015
2704,600016.SH,20071029,16.38,17.11,16.38,16.68,16.13,0.55,3.41,1520019.59,2549500.644
2705,600016.SH,20071026,15.35,16.35,15.25,16.13,15.41,0.72,4.67,1433394.15,2285895.186
2706,600016.SH,20071025,15.68,16.3,15.2,15.41,15.92,-0.51,-3.2,1359506.86,2142168.646
2707,600016.SH,20071024,16.2,16.55,15.85,15.92,16.04,-0.12,-0.75,1306949.57,2131618.802
2708,600016.SH,20071023,15.46,16.07,15.4,16.04,15.46,0.58,3.75,936121.77,1469238.307
2709,600016.SH,20071022,15.7,15.83,15.31,15.46,15.79,-0.33,-2.09,758385.09,1182882.021
2710,600016.SH,20071019,15.92,16.15,15.75,15.79,15.9,-0.11,-0.69,771988.99,1227048.808
2711,600016.SH,20071018,16.33,16.35,15.86,15.9,16.39,-0.49,-2.99,991592.3,1589230.231
2712,600016.SH,20071017,16.7,16.78,16.34,16.39,16.8,-0.41,-2.44,915692.31,1507256.634
2713,600016.SH,20071016,16.53,17.39,16.53,16.8,16.46,0.34,2.07,1741292.9,2955439.314
2714,600016.SH,20071015,16.81,16.85,16.2,16.46,16.81,-0.35,-2.08,1466113.15,2407637.099
2715,600016.SH,20071012,17.4,17.5,16.1,16.81,17.38,-0.57,-3.28,2037254.39,3406255.204
2716,600016.SH,20071011,16.9,17.9,16.9,17.38,16.68,0.7,4.2,2233094.29,3903354.022
2717,600016.SH,20071009,16.35,16.93,16.16,16.68,16.3,0.38,2.33,1870618.0,3127184.204
2718,600016.SH,20071008,16.38,16.6,16.0,16.3,15.81,0.49,3.1,2627486.82,4292209.859
2719,600016.SH,20070928,15.25,15.94,15.19,15.81,15.08,0.73,4.84,1997287.38,3114350.437
2720,600016.SH,20070927,15.02,15.15,14.84,15.08,15.02,0.06,0.4,1233388.98,1847453.34
2721,600016.SH,20070926,15.23,15.49,14.98,15.02,15.23,-0.21,-1.38,1099969.03,1663559.819
2722,600016.SH,20070925,15.88,15.91,15.08,15.23,15.64,-0.41,-2.62,1297884.12,1996792.267
2723,600016.SH,20070924,15.55,15.84,15.01,15.64,15.54,0.1,0.64,1241844.7,1920062.749
2724,600016.SH,20070921,15.75,15.75,15.2,15.54,15.7,-0.16,-1.02,1450552.47,2226419.862
2725,600016.SH,20070920,15.9,16.1,15.5,15.7,15.84,-0.14,-0.88,995713.75,1564457.087
2726,600016.SH,20070919,16.25,16.4,15.78,15.84,16.21,-0.37,-2.28,921271.72,1471369.241
2727,600016.SH,20070918,16.4,16.5,15.76,16.21,16.07,0.14,0.87,2295071.35,3696799.113
2728,600016.SH,20070917,15.85,16.2,15.63,16.07,15.79,0.28,1.77,1576430.79,2512365.136
2729,600016.SH,20070914,16.0,16.09,15.51,15.79,15.95,-0.16,-1.0,1137336.29,1789490.755
2730,600016.SH,20070913,15.56,16.0,15.5,15.95,15.43,0.52,3.37,1291700.36,2035348.763
2731,600016.SH,20070912,15.6,16.0,15.21,15.43,15.71,-0.28,-1.78,1604760.4,2488396.49
2732,600016.SH,20070911,16.88,16.88,15.5,15.71,16.88,-1.17,-6.93,1644339.98,2686259.157
2733,600016.SH,20070910,16.45,17.03,16.35,16.88,16.75,0.13,0.78,1245522.47,2070228.153
2734,600016.SH,20070907,16.81,17.39,16.6,16.75,17.0,-0.25,-1.47,1862856.15,3151805.018
2735,600016.SH,20070906,16.68,17.4,16.6,17.0,16.62,0.38,2.29,1808503.89,3071762.601
2736,600016.SH,20070905,16.58,16.78,16.19,16.62,16.61,0.01,0.06,1403465.88,2303029.745
2737,600016.SH,20070904,16.95,16.95,16.5,16.61,16.97,-0.36,-2.12,1246945.47,2076987.564
2738,600016.SH,20070903,16.97,17.3,16.79,16.97,16.91,0.06,0.35,1505842.81,2566269.38
2739,600016.SH,20070831,17.0,17.08,16.61,16.91,17.1,-0.19,-1.11,1494425.47,2513532.694
2740,600016.SH,20070830,16.82,17.32,16.82,17.1,16.63,0.47,2.83,1187528.17,2025329.384
2741,600016.SH,20070829,16.85,17.2,16.41,16.63,17.07,-0.44,-2.58,1428124.54,2390690.086
2742,600016.SH,20070828,17.18,17.4,16.71,17.07,17.44,-0.37,-2.12,1533129.52,2613440.861
2743,600016.SH,20070827,17.21,18.09,17.0,17.44,17.09,0.35,2.05,1970296.41,3468869.278
2744,600016.SH,20070824,16.66,17.39,16.45,17.09,16.6,0.49,2.95,1497293.19,2548764.906
2745,600016.SH,20070823,16.53,16.85,16.26,16.6,16.5,0.1,0.61,1213665.04,2009039.824
2746,600016.SH,20070822,15.98,16.97,15.89,16.5,16.29,0.21,1.29,1774884.97,2936899.469
2747,600016.SH,20070821,15.55,16.7,15.54,16.29,15.46,0.83,5.37,2620824.03,4231422.195
2748,600016.SH,20070820,15.05,15.6,14.92,15.46,14.55,0.91,6.25,1597259.79,2446020.068
2749,600016.SH,20070817,15.18,15.47,14.5,14.55,15.34,-0.79,-5.15,2106958.59,3139374.777
2750,600016.SH,20070816,15.59,16.0,15.11,15.34,15.79,-0.45,-2.85,1698696.02,2636495.756
2751,600016.SH,20070815,15.24,15.95,15.2,15.79,15.19,0.6,3.95,2347870.3,3677274.122
2752,600016.SH,20070814,15.33,15.39,14.95,15.19,15.32,-0.13,-0.85,1322605.41,1998518.76
2753,600016.SH,20070813,14.99,15.74,14.8,15.32,14.9,0.42,2.82,2096944.88,3217342.182
2754,600016.SH,20070810,15.2,15.31,14.63,14.9,15.29,-0.39,-2.55,1997456.73,2982989.271
2755,600016.SH,20070809,15.16,15.56,15.1,15.29,15.15,0.14,0.92,1589568.48,2434698.582
2756,600016.SH,20070808,14.9,15.76,14.75,15.15,15.08,0.07,0.46,2330769.17,3559120.901
2757,600016.SH,20070807,15.3,15.35,14.9,15.08,15.27,-0.19,-1.24,1606780.57,2421189.165
2758,600016.SH,20070806,15.24,15.45,14.9,15.27,15.16,0.11,0.73,2481151.48,3755090.496
2759,600016.SH,20070803,14.03,15.26,14.03,15.16,13.97,1.19,8.52,3475937.11,5095902.899
2760,600016.SH,20070802,13.72,14.12,13.52,13.97,13.72,0.25,1.82,1667268.15,2311021.97
2761,600016.SH,20070801,14.23,14.4,13.63,13.72,14.22,-0.5,-3.52,1908162.66,2671025.623
2762,600016.SH,20070731,14.08,14.45,13.8,14.22,14.24,-0.02,-0.14,1897219.71,2670039.082
2763,600016.SH,20070730,14.06,14.48,14.06,14.24,14.14,0.1,0.71,1517331.9,2166102.837
2764,600016.SH,20070727,14.26,14.3,13.91,14.14,14.45,-0.31,-2.15,1922246.63,2712808.659
2765,600016.SH,20070726,14.62,14.68,14.2,14.45,14.58,-0.13,-0.89,1620476.06,2330297.781
2766,600016.SH,20070725,14.12,14.65,14.12,14.58,14.04,0.54,3.85,1886560.3,2721397.335
2767,600016.SH,20070724,13.75,14.35,13.61,14.04,13.7,0.34,2.48,2392183.69,3372641.868
2768,600016.SH,20070723,13.78,14.14,13.5,13.7,13.38,0.32,2.39,3354685.47,4634849.208
2769,600016.SH,20070720,12.58,13.42,12.57,13.38,12.56,0.82,6.53,3059949.88,4009853.739
2770,600016.SH,20070719,12.55,12.88,12.5,12.56,12.54,0.02,0.16,1358861.0,1725030.17
2771,600016.SH,20070718,12.3,12.9,12.19,12.54,12.39,0.15,1.21,3112067.7,3930744.52
2772,600016.SH,20070717,11.7,12.5,11.63,12.39,11.72,0.67,5.72,1892135.05,2302508.062
2773,600016.SH,20070716,12.18,12.3,11.7,11.72,12.14,-0.42,-3.46,986821.47,1179402.065
2774,600016.SH,20070713,12.28,12.34,11.96,12.14,12.22,-0.08,-0.65,892439.17,1079644.989
2775,600016.SH,20070712,11.95,12.38,11.94,12.22,11.92,0.3,2.52,2054172.93,2510914.811
2776,600016.SH,20070711,11.8,12.09,11.66,11.92,11.77,0.15,1.27,1266228.81,1514626.8
2777,600016.SH,20070710,11.81,12.18,11.72,11.77,11.69,0.08,0.68,2951206.64,3529177.759
2778,600016.SH,20070709,11.45,11.8,11.36,11.69,11.37,0.32,2.81,1603177.07,1861213.827
2779,600016.SH,20070706,11.1,11.42,10.79,11.37,11.14,0.23,2.06,1190723.65,1328335.347
2780,600016.SH,20070705,11.49,11.61,11.08,11.14,11.4,-0.26,-2.28,1188098.36,1347421.572
2781,600016.SH,20070704,11.79,11.85,11.31,11.4,11.74,-0.34,-2.9,995280.44,1148927.876
2782,600016.SH,20070703,11.74,11.94,11.63,11.74,11.7,0.04,0.34,1513160.79,1785241.532
2783,600016.SH,20070702,11.46,11.9,11.38,11.7,11.43,0.27,2.36,1787798.15,2080402.244
2784,600016.SH,20070629,11.02,11.67,11.01,11.43,11.32,0.11,0.97,1889871.32,2159812.609
2785,600016.SH,20070628,11.83,11.96,11.3,11.32,11.7,-0.38,-3.25,2135366.89,2502880.146
2786,600016.SH,20070627,11.25,11.79,11.2,11.7,11.12,0.58,5.22,2813033.98,3238647.387
2787,600016.SH,20070626,11.0,11.27,10.9,11.12,11.18,-0.06,-0.54,1309483.98,1450963.608
2788,600016.SH,20070625,11.32,11.7,11.05,11.18,11.25,-0.07,-0.62,1889333.99,2156576.431
2789,600016.SH,20070622,11.5,11.89,11.01,11.25,11.5,-0.25,-2.17,1891816.67,2174619.122
2790,600016.SH,20070621,11.45,11.66,11.3,11.5,11.46,0.04,0.35,1275677.77,1465936.683
2791,600016.SH,20070620,11.95,12.0,11.4,11.46,11.9,-0.44,-3.7,1869870.87,2181757.726
2792,600016.SH,20070619,11.9,12.23,11.7,11.9,11.95,-0.05,-0.42,1826928.99,2190708.108
2793,600016.SH,20070618,11.92,12.25,11.79,11.95,11.61,0.34,2.93,3177944.09,3825381.4
2794,600016.SH,20070615,11.38,11.8,11.28,11.61,11.38,0.23,2.02,2614429.61,3024272.684
2795,600016.SH,20070614,11.65,11.7,11.36,11.38,11.61,-0.23,-1.98,2132480.77,2460184.482
2796,600016.SH,20070613,11.44,11.76,11.37,11.61,11.36,0.25,2.2,3094955.59,3582362.657
2797,600016.SH,20070612,11.52,11.61,11.01,11.36,11.31,0.05,0.44,2380361.42,2692663.992
2798,600016.SH,20070611,11.11,11.5,10.88,11.31,10.69,0.62,5.8,1924477.14,2146408.777
2799,600016.SH,20070608,12.8,12.83,12.47,12.72,12.73,-0.01,-0.08,1574627.87,1991582.971
2800,600016.SH,20070607,12.51,12.83,12.42,12.73,12.36,0.37,2.99,1353743.89,1714860.957
2801,600016.SH,20070606,12.5,12.6,12.1,12.36,12.47,-0.11,-0.88,1322892.37,1641467.207
2802,600016.SH,20070605,12.11,12.5,11.0,12.47,12.11,0.36,2.97,1798896.41,2110086.023
2803,600016.SH,20070604,13.42,13.57,12.08,12.11,13.42,-1.31,-9.76,2033594.82,2559727.159
2804,600016.SH,20070601,13.42,14.08,13.27,13.42,13.38,0.04,0.3,3480786.47,4761638.038
2805,600016.SH,20070531,12.55,13.7,12.11,13.38,12.46,0.92,7.38,3317716.25,4323155.002
2806,600016.SH,20070530,12.98,13.44,12.28,12.46,13.64,-1.18,-8.65,2866718.27,3696000.121
2807,600016.SH,20070529,13.5,13.8,13.36,13.64,13.43,0.21,1.56,1997575.98,2711882.944
2808,600016.SH,20070528,13.31,13.58,13.25,13.43,13.21,0.22,1.67,2159489.86,2897948.49
2809,600016.SH,20070525,13.25,13.44,13.13,13.21,13.34,-0.13,-0.97,1734876.66,2301268.794
2810,600016.SH,20070524,13.32,13.73,13.2,13.34,13.31,0.03,0.23,2275600.13,3059464.691
2811,600016.SH,20070523,13.28,13.41,13.08,13.31,13.24,0.07,0.53,1794854.53,2378861.169
2812,600016.SH,20070522,13.21,13.43,13.12,13.24,13.18,0.06,0.46,2051468.96,2720012.528
2813,600016.SH,20070521,12.92,13.23,12.83,13.18,13.41,-0.23,-1.72,2729428.59,3569173.915
2814,600016.SH,20070518,13.6,13.6,13.22,13.41,13.73,-0.32,-2.33,1887169.0,2533667.182
2815,600016.SH,20070517,13.78,13.82,13.51,13.73,13.74,-0.01,-0.07,1757091.65,2403547.746
2816,600016.SH,20070516,13.51,13.91,13.29,13.74,13.53,0.21,1.55,1597906.34,2172132.917
2817,600016.SH,20070515,14.46,14.54,13.5,13.53,14.44,-0.91,-6.3,2846810.73,3981192.421
2818,600016.SH,20070514,14.03,14.72,13.78,14.44,13.97,0.47,3.36,4105219.33,5898739.375
2819,600016.SH,20070511,13.39,14.05,12.97,13.97,13.57,0.4,2.95,3750969.86,5072041.629
2820,600016.SH,20070510,13.66,13.84,13.4,13.57,13.63,-0.06,-0.44,2576208.5,3512311.558
2821,600016.SH,20070509,13.12,13.75,13.0,13.63,13.14,0.49,3.73,3740672.87,5025900.421
2822,600016.SH,20070508,13.3,13.38,13.0,13.14,13.01,0.13,1.0,2261496.66,2976179.522
2823,600016.SH,20070430,12.94,13.16,12.8,13.01,13.06,-0.05,-0.38,1795306.81,2329351.787
2824,600016.SH,20070427,13.4,13.43,12.85,13.06,13.37,-0.31,-2.32,1912124.03,2507964.755
2825,600016.SH,20070426,13.66,13.75,13.17,13.37,13.45,-0.08,-0.59,2520077.69,3376777.811
2826,600016.SH,20070425,12.65,13.61,12.52,13.45,12.6,0.85,6.75,4515078.3,5957672.238
2827,600016.SH,20070424,12.71,12.78,12.46,12.6,12.58,0.02,0.16,2077871.49,2619107.711
2828,600016.SH,20070423,12.34,12.65,12.14,12.58,12.28,0.3,2.44,2449181.55,3045612.966
2829,600016.SH,20070420,12.01,12.38,12.01,12.28,11.97,0.31,2.59,1901877.83,2321268.696
2830,600016.SH,20070419,12.53,12.69,11.61,11.97,12.52,-0.55,-4.39,2337119.41,2866581.832
2831,600016.SH,20070418,12.78,12.78,12.41,12.52,12.77,-0.25,-1.96,1937009.37,2426535.484
2832,600016.SH,20070417,13.05,13.1,12.43,12.77,12.9,-0.13,-1.01,2071831.26,2652337.523
2833,600016.SH,20070416,12.47,13.08,12.34,12.9,12.54,0.36,2.87,2512056.04,3179543.085
2834,600016.SH,20070413,12.9,12.9,12.51,12.54,12.92,-0.38,-2.94,2010036.03,2547367.466
2835,600016.SH,20070412,12.95,13.18,12.86,12.92,12.81,0.11,0.86,2142003.09,2785229.205
2836,600016.SH,20070411,12.58,12.98,12.57,12.81,12.49,0.32,2.56,2643044.14,3376655.874
2837,600016.SH,20070410,12.43,12.54,12.25,12.49,12.26,0.23,1.88,2140795.33,2656135.146
2838,600016.SH,20070406,12.3,12.41,12.18,12.26,12.4,-0.14,-1.13,1740521.32,2133541.454
2839,600016.SH,20070405,12.5,12.53,12.23,12.4,12.55,-0.15,-1.2,1934364.07,2387227.765
2840,600016.SH,20070404,12.79,12.83,12.46,12.55,12.75,-0.2,-1.57,1319288.97,1670374.866
2841,600016.SH,20070403,12.7,12.9,12.57,12.75,12.67,0.08,0.63,1029701.96,1308065.976
2842,600016.SH,20070402,12.43,12.84,12.41,12.67,12.44,0.23,1.85,1093512.5,1381923.629
2843,600016.SH,20070330,12.48,12.68,12.31,12.44,12.61,-0.17,-1.35,1196660.51,1495801.882
2844,600016.SH,20070329,12.42,13.31,12.3,12.61,12.4,0.21,1.69,3686593.25,4723071.775
2845,600016.SH,20070328,11.85,12.57,11.7,12.4,11.82,0.58,4.91,3209545.54,3901558.322
2846,600016.SH,20070327,11.88,11.93,11.66,11.82,11.88,-0.06,-0.51,1259624.21,1483935.575
2847,600016.SH,20070326,11.66,11.92,11.44,11.88,11.64,0.24,2.06,1506884.35,1758953.07
2848,600016.SH,20070323,11.85,11.9,11.37,11.64,11.85,-0.21,-1.77,1152459.47,1340274.972
2849,600016.SH,20070322,12.1,12.14,11.8,11.85,11.89,-0.04,-0.34,1334253.8,1598556.996
2850,600016.SH,20070321,11.8,12.08,11.78,11.89,11.77,0.12,1.02,1182540.48,1410207.426
2851,600016.SH,20070320,12.0,12.04,11.7,11.77,11.9,-0.13,-1.09,1160313.51,1374798.101
2852,600016.SH,20070319,11.4,12.13,11.3,11.9,11.03,0.87,7.89,2417774.74,2844254.103
2853,600016.SH,20070316,11.26,11.39,10.91,11.03,11.19,-0.16,-1.43,1377392.68,1536516.5
2854,600016.SH,20070315,11.02,11.24,10.92,11.19,11.01,0.18,1.63,1173940.25,1300664.738
2855,600016.SH,20070314,11.15,11.18,10.8,11.01,11.31,-0.3,-2.65,1357329.24,1494827.789
2856,600016.SH,20070313,11.41,11.44,11.18,11.31,11.4,-0.09,-0.79,1076905.8,1215553.633
2857,600016.SH,20070312,11.7,11.76,11.21,11.4,11.62,-0.22,-1.89,1255972.14,1442665.207
2858,600016.SH,20070309,11.57,11.8,11.38,11.62,11.53,0.09,0.78,1544692.2,1792059.563
2859,600016.SH,20070308,11.62,11.65,11.36,11.53,11.62,-0.09,-0.77,968183.24,1110010.805
2860,600016.SH,20070307,11.53,11.79,11.4,11.62,11.53,0.09,0.78,1169527.13,1355087.682
2861,600016.SH,20070306,11.05,11.82,10.95,11.53,10.98,0.55,5.01,1615421.1,1836461.707
2862,600016.SH,20070305,11.43,11.49,10.62,10.98,11.5,-0.52,-4.52,1372959.52,1520235.053
2863,600016.SH,20070302,11.5,11.73,11.28,11.5,11.46,0.04,0.35,1157127.62,1328553.892
2864,600016.SH,20070301,11.88,11.88,11.08,11.46,11.37,0.09,0.79,1725808.21,1990514.229
2865,600016.SH,20070227,12.75,12.85,11.37,11.37,12.63,-1.26,-9.98,1909742.5,2317010.665
2866,600016.SH,20070226,12.9,12.9,12.3,12.63,13.17,-0.54,-4.1,1829544.04,2292602.159
2867,600016.SH,20070216,13.36,13.55,13.0,13.17,13.18,-0.01,-0.08,1085513.28,1439868.284
2868,600016.SH,20070215,12.76,13.51,12.76,13.18,12.63,0.55,4.35,1355952.68,1791331.457
2869,600016.SH,20070214,12.41,12.77,12.21,12.63,12.42,0.21,1.69,950709.71,1193998.59
2870,600016.SH,20070213,12.3,12.57,12.06,12.42,12.23,0.19,1.55,962649.43,1185268.894
2871,600016.SH,20070212,11.55,12.3,11.51,12.23,11.57,0.66,5.7,1399831.59,1680306.863
2872,600016.SH,20070209,11.98,12.3,11.49,11.57,11.95,-0.38,-3.18,1007397.65,1185329.225
2873,600016.SH,20070208,12.19,12.28,11.7,11.95,12.19,-0.24,-1.97,1014260.98,1215846.643
2874,600016.SH,20070207,11.8,12.78,11.68,12.19,11.92,0.27,2.27,2553900.31,3133760.416
2875,600016.SH,20070206,10.71,11.92,10.05,11.92,10.84,1.08,9.96,2239549.14,2425150.737
2876,600016.SH,20070205,11.45,11.65,10.63,10.84,11.51,-0.67,-5.82,1165420.41,1280798.908
2877,600016.SH,20070202,12.29,12.39,11.38,11.51,12.29,-0.78,-6.35,1276828.67,1497097.404
2878,600016.SH,20070201,11.88,12.5,11.6,12.29,12.02,0.27,2.25,1445863.54,1756778.075
2879,600016.SH,20070131,13.25,13.48,11.93,12.02,13.25,-1.23,-9.28,1629268.98,2053335.894
2880,600016.SH,20070130,13.98,13.98,13.0,13.25,13.98,-0.73,-5.22,1510370.49,2025710.312
2881,600016.SH,20070129,13.28,14.07,13.01,13.98,12.84,1.14,8.88,2747265.65,3715512.905
2882,600016.SH,20070126,11.62,12.84,11.5,12.84,11.67,1.17,10.03,2585727.28,3148507.539
2883,600016.SH,20070125,11.39,12.12,11.08,11.67,11.53,0.14,1.21,2065586.85,2433679.968
2884,600016.SH,20070124,11.48,12.21,11.25,11.53,11.41,0.12,1.05,2371685.44,2792921.474
2885,600016.SH,20070123,10.47,11.41,10.35,11.41,10.37,1.04,10.03,4293836.25,4666928.634
2886,600016.SH,20070122,10.3,10.6,10.3,10.37,10.14,0.23,2.27,2115669.33,2209231.155
2887,600016.SH,20070119,9.76,10.22,9.71,10.14,9.84,0.3,3.05,1466476.61,1474640.568
2888,600016.SH,20070118,10.25,10.45,9.4,9.84,10.35,-0.51,-4.93,1715850.68,1695487.801
2889,600016.SH,20070117,10.3,10.65,10.1,10.35,10.24,0.11,1.07,1969002.63,2044051.61
2890,600016.SH,20070116,10.4,10.59,10.0,10.24,9.69,0.55,5.68,1957083.19,2016993.44
2891,600016.SH,20070112,9.69,10.08,9.48,9.69,9.76,-0.07,-0.72,1014265.91,989331.101
2892,600016.SH,20070111,10.18,10.35,9.75,9.76,10.17,-0.41,-4.03,1383319.35,1383175.935
2893,600016.SH,20070110,10.19,10.51,9.96,10.17,10.1,0.07,0.69,1406619.3,1437028.321
2894,600016.SH,20070109,9.69,10.14,9.65,10.1,9.69,0.41,4.23,1627221.56,1617660.412
2895,600016.SH,20070108,9.53,9.97,9.39,9.69,9.61,0.08,0.83,941295.51,904951.254
2896,600016.SH,20070105,10.01,10.24,9.48,9.61,10.21,-0.6,-5.88,1249761.76,1221361.397
2897,600016.SH,20070104,10.35,11.2,10.18,10.21,10.2,0.01,0.1,1542889.57,1658084.978
